0,3.3778e+05,78438,0
1,3.378e+05,78456,0
2,3.3781e+05,78474,0
3,3.3783e+05,78492,0
4,3.3785e+05,78510,0
5,3.3786e+05,78528,0
6,3.3788e+05,78546,0
7,3.3789e+05,78565,0
8,3.3791e+05,78583,0
9,3.3792e+05,78601,0
10,3.3794e+05,78619,0
11,3.3796e+05,78637,0
12,3.3797e+05,78655,0
13,3.3799e+05,78673,0
14,3.38e+05,78691,0
15,3.3802e+05,78709,0
16,3.3804e+05,78727,0
17,3.3805e+05,78745,0
18,3.3807e+05,78763,0
19,3.3808e+05,78781,0
20,3.381e+05,78799,0
21,3.3812e+05,78817,0
22,3.3813e+05,78835,0
23,3.3815e+05,78853,0
24,3.3816e+05,78871,0
25,3.3818e+05,78889,0
26,3.382e+05,78907,0
27,3.3821e+05,78925,0
28,3.3823e+05,78943,0
29,3.3824e+05,78961,0
30,3.3826e+05,78978,0
31,3.3828e+05,78996,0
32,3.3829e+05,79014,0
33,3.3831e+05,79032,0
34,3.3832e+05,79050,0
35,3.3834e+05,79068,0
36,3.3835e+05,79086,0
37,3.3837e+05,79104,0
38,3.3839e+05,79122,0
39,3.384e+05,79139,0
40,3.3842e+05,79157,0
41,3.3843e+05,79175,0
42,3.3845e+05,79193,0
43,3.3847e+05,79211,0
44,3.3848e+05,79229,0
45,3.385e+05,79246,0
46,3.3851e+05,79264,0
47,3.3853e+05,79282,0
48,3.3855e+05,79300,0
49,3.3856e+05,79317,0
50,3.3858e+05,79335,0
51,3.386e+05,79353,0
52,3.3861e+05,79371,0
53,3.3863e+05,79389,0
54,3.3864e+05,79406,0
55,3.3866e+05,79424,0
56,3.3868e+05,79442,0
57,3.3869e+05,79459,0
58,3.3871e+05,79477,0
59,3.3872e+05,79495,0
60,3.3874e+05,79513,0
61,3.3876e+05,79530,0
62,3.3877e+05,79548,0
63,3.3879e+05,79566,0
64,3.388e+05,79583,0
65,3.3882e+05,79601,0
66,3.3884e+05,79619,0
67,3.3885e+05,79636,0
68,3.3887e+05,79654,0
69,3.3888e+05,79671,0
70,3.389e+05,79689,0
71,3.3892e+05,79707,0
72,3.3893e+05,79724,0
73,3.3895e+05,79742,0
74,3.3896e+05,79759,0
75,3.3898e+05,79777,0
76,3.39e+05,79795,0
77,3.3901e+05,79812,0
78,3.3903e+05,79830,0
79,3.3905e+05,79847,0
80,3.3906e+05,79865,0
81,3.3908e+05,79882,0
82,3.3909e+05,79900,0
83,3.3911e+05,79917,0
84,3.3913e+05,79935,0
85,3.3914e+05,79952,0
86,3.3916e+05,79970,0
87,3.3917e+05,79987,0
88,3.3919e+05,80005,0
89,3.3921e+05,80022,0
90,3.3922e+05,80040,0
91,3.3924e+05,80057,0
92,3.3926e+05,80075,0
93,3.3927e+05,80092,0
94,3.3929e+05,80110,0
95,3.393e+05,80127,0
96,3.3932e+05,80145,0
97,3.3934e+05,80162,0
98,3.3935e+05,80179,0
99,3.3937e+05,80197,0
100,3.3939e+05,80214,0
101,3.394e+05,80232,0
102,3.3942e+05,80249,0
103,3.3943e+05,80266,0
104,3.3945e+05,80284,0
105,3.3947e+05,80301,0
106,3.3948e+05,80318,0
107,3.395e+05,80336,0
108,3.3952e+05,80353,0
109,3.3953e+05,80370,0
110,3.3955e+05,80388,0
111,3.3956e+05,80405,0
112,3.3958e+05,80422,0
113,3.396e+05,80440,0
114,3.3961e+05,80457,0
115,3.3963e+05,80474,0
116,3.3965e+05,80492,0
117,3.3966e+05,80509,0
118,3.3968e+05,80526,0
119,3.3969e+05,80543,0
120,3.3971e+05,80561,0
121,3.3973e+05,80578,0
122,3.3974e+05,80595,0
123,3.3976e+05,80612,0
124,3.3978e+05,80629,0
125,3.3979e+05,80647,0
126,3.3981e+05,80664,0
127,3.3982e+05,80681,0
128,3.3984e+05,80698,0
129,3.3986e+05,80715,0
130,3.3987e+05,80733,0
131,3.3989e+05,80750,0
132,3.3991e+05,80767,0
133,3.3992e+05,80784,0
134,3.3994e+05,80801,0
135,3.3996e+05,80818,0
136,3.3997e+05,80835,0
137,3.3999e+05,80853,0
138,3.4e+05,80870,0
139,3.4002e+05,80887,0
140,3.4004e+05,80904,0
141,3.4005e+05,80921,0
142,3.4007e+05,80938,0
143,3.4009e+05,80955,0
144,3.401e+05,80972,0
145,3.4012e+05,80989,0
146,3.4014e+05,81006,0
147,3.4015e+05,81023,0
148,3.4017e+05,81040,0
149,3.4018e+05,81057,0
150,3.402e+05,81074,0
151,3.4022e+05,81091,0
152,3.4023e+05,81109,0
153,3.4025e+05,81126,0
154,3.4027e+05,81142,0
155,3.4028e+05,81159,0
156,3.403e+05,81176,0
157,3.4032e+05,81193,0
158,3.4033e+05,81210,0
159,3.4035e+05,81227,0
160,3.4037e+05,81244,0
161,3.4038e+05,81261,0
162,3.404e+05,81278,0
163,3.4041e+05,81295,0
164,3.4043e+05,81312,0
165,3.4045e+05,81329,0
166,3.4046e+05,81346,0
167,3.4048e+05,81363,0
168,3.405e+05,81380,0
169,3.4051e+05,81396,0
170,3.4053e+05,81413,0
171,3.4055e+05,81430,0
172,3.4056e+05,81447,0
173,3.4058e+05,81464,0
174,3.406e+05,81481,0
175,3.4061e+05,81498,0
176,3.4063e+05,81514,0
177,3.4064e+05,81531,0
178,3.4066e+05,81548,0
179,3.4068e+05,81565,0
180,3.4069e+05,81582,0
181,3.4071e+05,81598,0
182,3.4073e+05,81615,0
183,3.4074e+05,81632,0
184,3.4076e+05,81649,0
185,3.4078e+05,81666,0
186,3.4079e+05,81682,0
187,3.4081e+05,81699,0
188,3.4083e+05,81716,0
189,3.4084e+05,81732,0
190,3.4086e+05,81749,0
191,3.4088e+05,81766,0
192,3.4089e+05,81783,0
193,3.4091e+05,81799,0
194,3.4093e+05,81816,0
195,3.4094e+05,81833,0
196,3.4096e+05,81849,0
197,3.4098e+05,81866,0
198,3.4099e+05,81883,0
199,3.4101e+05,81899,0
200,3.4103e+05,81916,0
201,3.4104e+05,81933,0
202,3.4106e+05,81949,0
203,3.4107e+05,81966,0
204,3.4109e+05,81983,0
205,3.4111e+05,81999,0
206,3.4112e+05,82016,0
207,3.4114e+05,82032,0
208,3.4116e+05,82049,0
209,3.4117e+05,82065,0
210,3.4119e+05,82082,0
211,3.4121e+05,82099,0
212,3.4122e+05,82115,0
213,3.4124e+05,82132,0
214,3.4126e+05,82148,0
215,3.4127e+05,82165,0
216,3.4129e+05,82181,0
217,3.4131e+05,82198,0
218,3.4132e+05,82214,0
219,3.4134e+05,82231,0
220,3.4136e+05,82247,0
221,3.4137e+05,82264,0
222,3.4139e+05,82280,0
223,3.4141e+05,82297,0
224,3.4142e+05,82313,0
225,3.4144e+05,82330,0
226,3.4146e+05,82346,0
227,3.4147e+05,82363,0
228,3.4149e+05,82379,0
229,3.4151e+05,82395,0
230,3.4152e+05,82412,0
231,3.4154e+05,82428,0
232,3.4156e+05,82445,0
233,3.4157e+05,82461,0
234,3.4159e+05,82477,0
235,3.4161e+05,82494,0
236,3.4162e+05,82510,0
237,3.4164e+05,82527,0
238,3.4166e+05,82543,0
239,3.4167e+05,82559,0
240,3.4169e+05,82576,0
241,3.4171e+05,82592,0
242,3.4172e+05,82608,0
243,3.4174e+05,82625,0
244,3.4176e+05,82641,0
245,3.4177e+05,82657,0
246,3.4179e+05,82674,0
247,3.4181e+05,82690,0
248,3.4182e+05,82706,0
249,3.4184e+05,82722,0
250,3.4186e+05,82739,0
251,3.4188e+05,82755,0
252,3.4189e+05,82771,0
253,3.4191e+05,82787,0
254,3.4193e+05,82804,0
255,3.4194e+05,82820,0
256,3.4196e+05,82836,0
257,3.4198e+05,82852,0
258,3.4199e+05,82869,0
259,3.4201e+05,82885,0
260,3.4203e+05,82901,0
261,3.4204e+05,82917,0
262,3.4206e+05,82933,0
263,3.4208e+05,82949,0
264,3.4209e+05,82966,0
265,3.4211e+05,82982,0
266,3.4213e+05,82998,0
267,3.4214e+05,83014,0
268,3.4216e+05,83030,0
269,3.4218e+05,83046,0
270,3.4219e+05,83062,0
271,3.4221e+05,83079,0
272,3.4223e+05,83095,0
273,3.4224e+05,83111,0
274,3.4226e+05,83127,0
275,3.4228e+05,83143,0
276,3.4229e+05,83159,0
277,3.4231e+05,83175,0
278,3.4233e+05,83191,0
279,3.4235e+05,83207,0
280,3.4236e+05,83223,0
281,3.4238e+05,83239,0
282,3.424e+05,83255,0
283,3.4241e+05,83271,0
284,3.4243e+05,83287,0
285,3.4245e+05,83303,0
286,3.4246e+05,83319,0
287,3.4248e+05,83335,0
288,3.425e+05,83351,0
289,3.4251e+05,83367,0
290,3.4253e+05,83383,0
291,3.4255e+05,83399,0
292,3.4256e+05,83415,0
293,3.4258e+05,83431,0
294,3.426e+05,83447,0
295,3.4262e+05,83463,0
296,3.4263e+05,83479,0
297,3.4265e+05,83495,0
298,3.4267e+05,83511,0
299,3.4268e+05,83527,0
300,3.427e+05,83542,0
301,3.4272e+05,83558,0
302,3.4273e+05,83574,0
303,3.4275e+05,83590,0
304,3.4277e+05,83606,0
305,3.4278e+05,83622,0
306,3.428e+05,83638,0
307,3.4282e+05,83653,0
308,3.4284e+05,83669,0
309,3.4285e+05,83685,0
310,3.4287e+05,83701,0
311,3.4289e+05,83717,0
312,3.429e+05,83733,0
313,3.4292e+05,83748,0
314,3.4294e+05,83764,0
315,3.4295e+05,83780,0
316,3.4297e+05,83796,0
317,3.4299e+05,83811,0
318,3.4301e+05,83827,0
319,3.4302e+05,83843,0
320,3.4304e+05,83859,0
321,3.4306e+05,83874,0
322,3.4307e+05,83890,0
323,3.4309e+05,83906,0
324,3.4311e+05,83921,0
325,3.4312e+05,83937,0
326,3.4314e+05,83953,0
327,3.4316e+05,83969,0
328,3.4318e+05,83984,0
329,3.4319e+05,84000,0
330,3.4321e+05,84016,0
331,3.4323e+05,84031,0
332,3.4324e+05,84047,0
333,3.4326e+05,84062,0
334,3.4328e+05,84078,0
335,3.4329e+05,84094,0
336,3.4331e+05,84109,0
337,3.4333e+05,84125,0
338,3.4335e+05,84141,0
339,3.4336e+05,84156,0
340,3.4338e+05,84172,0
341,3.434e+05,84187,0
342,3.4341e+05,84203,0
343,3.4343e+05,84218,0
344,3.4345e+05,84234,0
345,3.4346e+05,84250,0
346,3.4348e+05,84265,0
347,3.435e+05,84281,0
348,3.4352e+05,84296,0
349,3.4353e+05,84312,0
350,3.4355e+05,84327,0
351,3.4357e+05,84343,0
352,3.4358e+05,84358,0
353,3.436e+05,84374,0
354,3.4362e+05,84389,0
355,3.4364e+05,84405,0
356,3.4365e+05,84420,0
357,3.4367e+05,84435,0
358,3.4369e+05,84451,0
359,3.437e+05,84466,0
360,3.4372e+05,84482,0
361,3.4374e+05,84497,0
362,3.4376e+05,84513,0
363,3.4377e+05,84528,0
364,3.4379e+05,84543,0
365,3.4381e+05,84559,0
366,3.4382e+05,84574,0
367,3.4384e+05,84590,0
368,3.4386e+05,84605,0
369,3.4388e+05,84620,0
370,3.4389e+05,84636,0
371,3.4391e+05,84651,0
372,3.4393e+05,84666,0
373,3.4394e+05,84682,0
374,3.4396e+05,84697,0
375,3.4398e+05,84712,0
376,3.44e+05,84728,0
377,3.4401e+05,84743,0
378,3.4403e+05,84758,0
379,3.4405e+05,84774,0
380,3.4406e+05,84789,0
381,3.4408e+05,84804,0
382,3.441e+05,84819,0
383,3.4412e+05,84835,0
384,3.4413e+05,84850,0
385,3.4415e+05,84865,0
386,3.4417e+05,84880,0
387,3.4418e+05,84896,0
388,3.442e+05,84911,0
389,3.4422e+05,84926,0
390,3.4424e+05,84941,0
391,3.4425e+05,84956,0
392,3.4427e+05,84972,0
393,3.4429e+05,84987,0
394,3.4431e+05,85002,0
395,3.4432e+05,85017,0
396,3.4434e+05,85032,0
397,3.4436e+05,85047,0
398,3.4437e+05,85062,0
399,3.4439e+05,85078,0
400,3.4441e+05,85093,0
401,3.4443e+05,85108,0
402,3.4444e+05,85123,0
403,3.4446e+05,85138,0
404,3.4448e+05,85153,0
405,3.445e+05,85168,0
406,3.4451e+05,85183,0
407,3.4453e+05,85198,0
408,3.4455e+05,85213,0
409,3.4456e+05,85229,0
410,3.4458e+05,85244,0
411,3.446e+05,85259,0
412,3.4462e+05,85274,0
413,3.4463e+05,85289,0
414,3.4465e+05,85304,0
415,3.4467e+05,85319,0
416,3.4469e+05,85334,0
417,3.447e+05,85349,0
418,3.4472e+05,85364,0
419,3.4474e+05,85379,0
420,3.4475e+05,85394,0
421,3.4477e+05,85409,0
422,3.4479e+05,85424,0
423,3.4481e+05,85438,0
424,3.4482e+05,85453,0
425,3.4484e+05,85468,0
426,3.4486e+05,85483,0
427,3.4488e+05,85498,0
428,3.4489e+05,85513,0
429,3.4491e+05,85528,0
430,3.4493e+05,85543,0
431,3.4495e+05,85558,0
432,3.4496e+05,85573,0
433,3.4498e+05,85588,0
434,3.45e+05,85602,0
435,3.4501e+05,85617,0
436,3.4503e+05,85632,0
437,3.4505e+05,85647,0
438,3.4507e+05,85662,0
439,3.4508e+05,85677,0
440,3.451e+05,85691,0
441,3.4512e+05,85706,0
442,3.4514e+05,85721,0
443,3.4515e+05,85736,0
444,3.4517e+05,85751,0
445,3.4519e+05,85765,0
446,3.4521e+05,85780,0
447,3.4522e+05,85795,0
448,3.4524e+05,85810,0
449,3.4526e+05,85824,0
450,3.4528e+05,85839,0
451,3.4529e+05,85854,0
452,3.4531e+05,85869,0
453,3.4533e+05,85883,0
454,3.4535e+05,85898,0
455,3.4536e+05,85913,0
456,3.4538e+05,85927,0
457,3.454e+05,85942,0
458,3.4541e+05,85957,0
459,3.4543e+05,85971,0
460,3.4545e+05,85986,0
461,3.4547e+05,86001,0
462,3.4548e+05,86015,0
463,3.455e+05,86030,0
464,3.4552e+05,86045,0
465,3.4554e+05,86059,0
466,3.4555e+05,86074,0
467,3.4557e+05,86089,0
468,3.4559e+05,86103,0
469,3.4561e+05,86118,0
470,3.4562e+05,86132,0
471,3.4564e+05,86147,0
472,3.4566e+05,86161,0
473,3.4568e+05,86176,0
474,3.4569e+05,86191,0
475,3.4571e+05,86205,0
476,3.4573e+05,86220,0
477,3.4575e+05,86234,0
478,3.4576e+05,86249,0
479,3.4578e+05,86263,0
480,3.458e+05,86278,0
481,3.4582e+05,86292,0
482,3.4583e+05,86307,0
483,3.4585e+05,86321,0
484,3.4587e+05,86336,0
485,3.4589e+05,86350,0
486,3.459e+05,86365,0
487,3.4592e+05,86379,0
488,3.4594e+05,86394,0
489,3.4596e+05,86408,0
490,3.4597e+05,86422,0
491,3.4599e+05,86437,0
492,3.4601e+05,86451,0
493,3.4603e+05,86466,0
494,3.4604e+05,86480,0
495,3.4606e+05,86494,0
496,3.4608e+05,86509,0
497,3.461e+05,86523,0
498,3.4611e+05,86538,0
499,3.4613e+05,86552,0
500,3.4615e+05,86566,0
501,3.4617e+05,86581,0
502,3.4619e+05,86595,0
503,3.462e+05,86609,0
504,3.4622e+05,86624,0
505,3.4624e+05,86638,0
506,3.4626e+05,86652,0
507,3.4627e+05,86667,0
508,3.4629e+05,86681,0
509,3.4631e+05,86695,0
510,3.4633e+05,86709,0
511,3.4634e+05,86724,0
512,3.4636e+05,86738,0
513,3.4638e+05,86752,0
514,3.464e+05,86766,0
515,3.4641e+05,86781,0
516,3.4643e+05,86795,0
517,3.4645e+05,86809,0
518,3.4647e+05,86823,0
519,3.4648e+05,86838,0
520,3.465e+05,86852,0
521,3.4652e+05,86866,0
522,3.4654e+05,86880,0
523,3.4656e+05,86894,0
524,3.4657e+05,86908,0
525,3.4659e+05,86923,0
526,3.4661e+05,86937,0
527,3.4663e+05,86951,0
528,3.4664e+05,86965,0
529,3.4666e+05,86979,0
530,3.4668e+05,86993,0
531,3.467e+05,87007,0
532,3.4671e+05,87022,0
533,3.4673e+05,87036,0
534,3.4675e+05,87050,0
535,3.4677e+05,87064,0
536,3.4678e+05,87078,0
537,3.468e+05,87092,0
538,3.4682e+05,87106,0
539,3.4684e+05,87120,0
540,3.4686e+05,87134,0
541,3.4687e+05,87148,0
542,3.4689e+05,87162,0
543,3.4691e+05,87176,0
544,3.4693e+05,87190,0
545,3.4694e+05,87204,0
546,3.4696e+05,87218,0
547,3.4698e+05,87232,0
548,3.47e+05,87246,0
549,3.4701e+05,87260,0
550,3.4703e+05,87274,0
551,3.4705e+05,87288,0
552,3.4707e+05,87302,0
553,3.4709e+05,87316,0
554,3.471e+05,87330,0
555,3.4712e+05,87344,0
556,3.4714e+05,87358,0
557,3.4716e+05,87372,0
558,3.4717e+05,87386,0
559,3.4719e+05,87399,0
560,3.4721e+05,87413,0
561,3.4723e+05,87427,0
562,3.4725e+05,87441,0
563,3.4726e+05,87455,0
564,3.4728e+05,87469,0
565,3.473e+05,87483,0
566,3.4732e+05,87497,0
567,3.4733e+05,87510,0
568,3.4735e+05,87524,0
569,3.4737e+05,87538,0
570,3.4739e+05,87552,0
571,3.4741e+05,87566,0
572,3.4742e+05,87579,0
573,3.4744e+05,87593,0
574,3.4746e+05,87607,0
575,3.4748e+05,87621,0
576,3.4749e+05,87635,0
577,3.4751e+05,87648,0
578,3.4753e+05,87662,0
579,3.4755e+05,87676,0
580,3.4757e+05,87689,0
581,3.4758e+05,87703,0
582,3.476e+05,87717,0
583,3.4762e+05,87731,0
584,3.4764e+05,87744,0
585,3.4766e+05,87758,0
586,3.4767e+05,87772,0
587,3.4769e+05,87785,0
588,3.4771e+05,87799,0
589,3.4773e+05,87813,0
590,3.4774e+05,87826,0
591,3.4776e+05,87840,0
592,3.4778e+05,87854,0
593,3.478e+05,87867,0
594,3.4782e+05,87881,0
595,3.4783e+05,87895,0
596,3.4785e+05,87908,0
597,3.4787e+05,87922,0
598,3.4789e+05,87935,0
599,3.4791e+05,87949,0
600,3.4792e+05,87963,0
601,3.4794e+05,87976,0
602,3.4796e+05,87990,0
603,3.4798e+05,88003,0
604,3.4799e+05,88017,0
605,3.4801e+05,88030,0
606,3.4803e+05,88044,0
607,3.4805e+05,88057,0
608,3.4807e+05,88071,0
609,3.4808e+05,88084,0
610,3.481e+05,88098,0
611,3.4812e+05,88111,0
612,3.4814e+05,88125,0
613,3.4816e+05,88138,0
614,3.4817e+05,88152,0
615,3.4819e+05,88165,0
616,3.4821e+05,88179,0
617,3.4823e+05,88192,0
618,3.4825e+05,88206,0
619,3.4826e+05,88219,0
620,3.4828e+05,88232,0
621,3.483e+05,88246,0
622,3.4832e+05,88259,0
623,3.4834e+05,88273,0
624,3.4835e+05,88286,0
625,3.4837e+05,88299,0
626,3.4839e+05,88313,0
627,3.4841e+05,88326,0
628,3.4842e+05,88340,0
629,3.4844e+05,88353,0
630,3.4846e+05,88366,0
631,3.4848e+05,88380,0
632,3.485e+05,88393,0
633,3.4851e+05,88406,0
634,3.4853e+05,88420,0
635,3.4855e+05,88433,0
636,3.4857e+05,88446,0
637,3.4859e+05,88459,0
638,3.486e+05,88473,0
639,3.4862e+05,88486,0
640,3.4864e+05,88499,0
641,3.4866e+05,88512,0
642,3.4868e+05,88526,0
643,3.4869e+05,88539,0
644,3.4871e+05,88552,0
645,3.4873e+05,88565,0
646,3.4875e+05,88579,0
647,3.4877e+05,88592,0
648,3.4878e+05,88605,0
649,3.488e+05,88618,0
650,3.4882e+05,88631,0
651,3.4884e+05,88645,0
652,3.4886e+05,88658,0
653,3.4887e+05,88671,0
654,3.4889e+05,88684,0
655,3.4891e+05,88697,0
656,3.4893e+05,88710,0
657,3.4895e+05,88724,0
658,3.4897e+05,88737,0
659,3.4898e+05,88750,0
660,3.49e+05,88763,0
661,3.4902e+05,88776,0
662,3.4904e+05,88789,0
663,3.4906e+05,88802,0
664,3.4907e+05,88815,0
665,3.4909e+05,88828,0
666,3.4911e+05,88841,0
667,3.4913e+05,88854,0
668,3.4915e+05,88867,0
669,3.4916e+05,88881,0
670,3.4918e+05,88894,0
671,3.492e+05,88907,0
672,3.4922e+05,88920,0
673,3.4924e+05,88933,0
674,3.4925e+05,88946,0
675,3.4927e+05,88959,0
676,3.4929e+05,88972,0
677,3.4931e+05,88985,0
678,3.4933e+05,88998,0
679,3.4935e+05,89010,0
680,3.4936e+05,89023,0
681,3.4938e+05,89036,0
682,3.494e+05,89049,0
683,3.4942e+05,89062,0
684,3.4944e+05,89075,0
685,3.4945e+05,89088,0
686,3.4947e+05,89101,0
687,3.4949e+05,89114,0
688,3.4951e+05,89127,0
689,3.4953e+05,89140,0
690,3.4954e+05,89153,0
691,3.4956e+05,89165,0
692,3.4958e+05,89178,0
693,3.496e+05,89191,0
694,3.4962e+05,89204,0
695,3.4964e+05,89217,0
696,3.4965e+05,89230,0
697,3.4967e+05,89242,0
698,3.4969e+05,89255,0
699,3.4971e+05,89268,0
700,3.4973e+05,89281,0
701,3.4974e+05,89294,0
702,3.4976e+05,89306,0
703,3.4978e+05,89319,0
704,3.498e+05,89332,0
705,3.4982e+05,89345,0
706,3.4984e+05,89357,0
707,3.4985e+05,89370,0
708,3.4987e+05,89383,0
709,3.4989e+05,89396,0
710,3.4991e+05,89408,0
711,3.4993e+05,89421,0
712,3.4994e+05,89434,0
713,3.4996e+05,89446,0
714,3.4998e+05,89459,0
715,3.5e+05,89472,0
716,3.5002e+05,89484,0
717,3.5004e+05,89497,0
718,3.5005e+05,89510,0
719,3.5007e+05,89522,0
720,3.5009e+05,89535,0
721,3.5011e+05,89548,0
722,3.5013e+05,89560,0
723,3.5014e+05,89573,0
724,3.5016e+05,89586,0
725,3.5018e+05,89598,0
726,3.502e+05,89611,0
727,3.5022e+05,89623,0
728,3.5024e+05,89636,0
729,3.5025e+05,89648,0
730,3.5027e+05,89661,0
731,3.5029e+05,89674,0
732,3.5031e+05,89686,0
733,3.5033e+05,89699,0
734,3.5035e+05,89711,0
735,3.5036e+05,89724,0
736,3.5038e+05,89736,0
737,3.504e+05,89749,0
738,3.5042e+05,89761,0
739,3.5044e+05,89774,0
740,3.5046e+05,89786,0
741,3.5047e+05,89799,0
742,3.5049e+05,89811,0
743,3.5051e+05,89824,0
744,3.5053e+05,89836,0
745,3.5055e+05,89849,0
746,3.5057e+05,89861,0
747,3.5058e+05,89873,0
748,3.506e+05,89886,0
749,3.5062e+05,89898,0
750,3.5064e+05,89911,0
751,3.5066e+05,89923,0
752,3.5068e+05,89935,0
753,3.5069e+05,89948,0
754,3.5071e+05,89960,0
755,3.5073e+05,89973,0
756,3.5075e+05,89985,0
757,3.5077e+05,89997,0
758,3.5079e+05,90010,0
759,3.508e+05,90022,0
760,3.5082e+05,90034,0
761,3.5084e+05,90047,0
762,3.5086e+05,90059,0
763,3.5088e+05,90071,0
764,3.509e+05,90083,0
765,3.5091e+05,90096,0
766,3.5093e+05,90108,0
767,3.5095e+05,90120,0
768,3.5097e+05,90133,0
769,3.5099e+05,90145,0
770,3.5101e+05,90157,0
771,3.5102e+05,90169,0
772,3.5104e+05,90181,0
773,3.5106e+05,90194,0
774,3.5108e+05,90206,0
775,3.511e+05,90218,0
776,3.5112e+05,90230,0
777,3.5113e+05,90243,0
778,3.5115e+05,90255,0
779,3.5117e+05,90267,0
780,3.5119e+05,90279,0
781,3.5121e+05,90291,0
782,3.5123e+05,90303,0
783,3.5124e+05,90316,0
784,3.5126e+05,90328,0
785,3.5128e+05,90340,0
786,3.513e+05,90352,0
787,3.5132e+05,90364,0
788,3.5134e+05,90376,0
789,3.5136e+05,90388,0
790,3.5137e+05,90400,0
791,3.5139e+05,90412,0
792,3.5141e+05,90424,0
793,3.5143e+05,90437,0
794,3.5145e+05,90449,0
795,3.5147e+05,90461,0
796,3.5148e+05,90473,0
797,3.515e+05,90485,0
798,3.5152e+05,90497,0
799,3.5154e+05,90509,0
800,3.5156e+05,90521,0
801,3.5158e+05,90533,0
802,3.516e+05,90545,0
803,3.5161e+05,90557,0
804,3.5163e+05,90569,0
805,3.5165e+05,90581,0
806,3.5167e+05,90593,0
807,3.5169e+05,90605,0
808,3.5171e+05,90617,0
809,3.5172e+05,90628,0
810,3.5174e+05,90640,0
811,3.5176e+05,90652,0
812,3.5178e+05,90664,0
813,3.518e+05,90676,0
814,3.5182e+05,90688,0
815,3.5184e+05,90700,0
816,3.5185e+05,90712,0
817,3.5187e+05,90724,0
818,3.5189e+05,90736,0
819,3.5191e+05,90747,0
820,3.5193e+05,90759,0
821,3.5195e+05,90771,0
822,3.5197e+05,90783,0
823,3.5198e+05,90795,0
824,3.52e+05,90807,0
825,3.5202e+05,90818,0
826,3.5204e+05,90830,0
827,3.5206e+05,90842,0
828,3.5208e+05,90854,0
829,3.5209e+05,90866,0
830,3.5211e+05,90877,0
831,3.5213e+05,90889,0
832,3.5215e+05,90901,0
833,3.5217e+05,90913,0
834,3.5219e+05,90924,0
835,3.5221e+05,90936,0
836,3.5222e+05,90948,0
837,3.5224e+05,90960,0
838,3.5226e+05,90971,0
839,3.5228e+05,90983,0
840,3.523e+05,90995,0
841,3.5232e+05,91006,0
842,3.5234e+05,91018,0
843,3.5235e+05,91030,0
844,3.5237e+05,91041,0
845,3.5239e+05,91053,0
846,3.5241e+05,91065,0
847,3.5243e+05,91076,0
848,3.5245e+05,91088,0
849,3.5247e+05,91100,0
850,3.5248e+05,91111,0
851,3.525e+05,91123,0
852,3.5252e+05,91134,0
853,3.5254e+05,91146,0
854,3.5256e+05,91158,0
855,3.5258e+05,91169,0
856,3.526e+05,91181,0
857,3.5262e+05,91192,0
858,3.5263e+05,91204,0
859,3.5265e+05,91215,0
860,3.5267e+05,91227,0
861,3.5269e+05,91238,0
862,3.5271e+05,91250,0
863,3.5273e+05,91261,0
864,3.5275e+05,91273,0
865,3.5276e+05,91284,0
866,3.5278e+05,91296,0
867,3.528e+05,91307,0
868,3.5282e+05,91319,0
869,3.5284e+05,91330,0
870,3.5286e+05,91342,0
871,3.5288e+05,91353,0
872,3.5289e+05,91365,0
873,3.5291e+05,91376,0
874,3.5293e+05,91388,0
875,3.5295e+05,91399,0
876,3.5297e+05,91410,0
877,3.5299e+05,91422,0
878,3.5301e+05,91433,0
879,3.5303e+05,91445,0
880,3.5304e+05,91456,0
881,3.5306e+05,91467,0
882,3.5308e+05,91479,0
883,3.531e+05,91490,0
884,3.5312e+05,91501,0
885,3.5314e+05,91513,0
886,3.5316e+05,91524,0
887,3.5317e+05,91535,0
888,3.5319e+05,91547,0
889,3.5321e+05,91558,0
890,3.5323e+05,91569,0
891,3.5325e+05,91581,0
892,3.5327e+05,91592,0
893,3.5329e+05,91603,0
894,3.5331e+05,91614,0
895,3.5332e+05,91626,0
896,3.5334e+05,91637,0
897,3.5336e+05,91648,0
898,3.5338e+05,91659,0
899,3.534e+05,91671,0
900,3.5342e+05,91682,0
901,3.5344e+05,91693,0
902,3.5346e+05,91704,0
903,3.5347e+05,91715,0
904,3.5349e+05,91727,0
905,3.5351e+05,91738,0
906,3.5353e+05,91749,0
907,3.5355e+05,91760,0
908,3.5357e+05,91771,0
909,3.5359e+05,91782,0
910,3.5361e+05,91794,0
911,3.5362e+05,91805,0
912,3.5364e+05,91816,0
913,3.5366e+05,91827,0
914,3.5368e+05,91838,0
915,3.537e+05,91849,0
916,3.5372e+05,91860,0
917,3.5374e+05,91871,0
918,3.5376e+05,91882,0
919,3.5377e+05,91893,0
920,3.5379e+05,91904,0
921,3.5381e+05,91916,0
922,3.5383e+05,91927,0
923,3.5385e+05,91938,0
924,3.5387e+05,91949,0
925,3.5389e+05,91960,0
926,3.5391e+05,91971,0
927,3.5393e+05,91982,0
928,3.5394e+05,91993,0
929,3.5396e+05,92004,0
930,3.5398e+05,92015,0
931,3.54e+05,92026,0
932,3.5402e+05,92037,0
933,3.5404e+05,92048,0
934,3.5406e+05,92058,0
935,3.5408e+05,92069,0
936,3.5409e+05,92080,0
937,3.5411e+05,92091,0
938,3.5413e+05,92102,0
939,3.5415e+05,92113,0
940,3.5417e+05,92124,0
941,3.5419e+05,92135,0
942,3.5421e+05,92146,0
943,3.5423e+05,92157,0
944,3.5425e+05,92168,0
945,3.5426e+05,92178,0
946,3.5428e+05,92189,0
947,3.543e+05,92200,0
948,3.5432e+05,92211,0
949,3.5434e+05,92222,0
950,3.5436e+05,92233,0
951,3.5438e+05,92243,0
952,3.544e+05,92254,0
953,3.5441e+05,92265,0
954,3.5443e+05,92276,0
955,3.5445e+05,92287,0
956,3.5447e+05,92297,0
957,3.5449e+05,92308,0
958,3.5451e+05,92319,0
959,3.5453e+05,92330,0
960,3.5455e+05,92340,0
961,3.5457e+05,92351,0
962,3.5458e+05,92362,0
963,3.546e+05,92373,0
964,3.5462e+05,92383,0
965,3.5464e+05,92394,0
966,3.5466e+05,92405,0
967,3.5468e+05,92415,0
968,3.547e+05,92426,0
969,3.5472e+05,92437,0
970,3.5474e+05,92447,0
971,3.5475e+05,92458,0
972,3.5477e+05,92469,0
973,3.5479e+05,92479,0
974,3.5481e+05,92490,0
975,3.5483e+05,92501,0
976,3.5485e+05,92511,0
977,3.5487e+05,92522,0
978,3.5489e+05,92532,0
979,3.5491e+05,92543,0
980,3.5493e+05,92554,0
981,3.5494e+05,92564,0
982,3.5496e+05,92575,0
983,3.5498e+05,92585,0
984,3.55e+05,92596,0
985,3.5502e+05,92606,0
986,3.5504e+05,92617,0
987,3.5506e+05,92627,0
988,3.5508e+05,92638,0
989,3.551e+05,92648,0
990,3.5511e+05,92659,0
991,3.5513e+05,92669,0
992,3.5515e+05,92680,0
993,3.5517e+05,92690,0
994,3.5519e+05,92701,0
995,3.5521e+05,92711,0
996,3.5523e+05,92722,0
997,3.5525e+05,92732,0
998,3.5527e+05,92743,0
999,3.5529e+05,92753,0
1000,3.553e+05,92764,0
1001,3.5532e+05,92774,0
1002,3.5534e+05,92784,0
1003,3.5536e+05,92795,0
1004,3.5538e+05,92805,0
1005,3.554e+05,92816,0
1006,3.5542e+05,92826,0
1007,3.5544e+05,92836,0
1008,3.5546e+05,92847,0
1009,3.5548e+05,92857,0
1010,3.5549e+05,92867,0
1011,3.5551e+05,92878,0
1012,3.5553e+05,92888,0
1013,3.5555e+05,92898,0
1014,3.5557e+05,92909,0
1015,3.5559e+05,92919,0
1016,3.5561e+05,92929,0
1017,3.5563e+05,92940,0
1018,3.5565e+05,92950,0
1019,3.5567e+05,92960,0
1020,3.5569e+05,92970,0
1021,3.557e+05,92981,0
1022,3.5572e+05,92991,0
1023,3.5574e+05,93001,0
1024,3.5576e+05,93011,0
1025,3.5578e+05,93022,0
1026,3.558e+05,93032,0
1027,3.5582e+05,93042,0
1028,3.5584e+05,93052,0
1029,3.5586e+05,93062,0
1030,3.5588e+05,93073,0
1031,3.5589e+05,93083,0
1032,3.5591e+05,93093,0
1033,3.5593e+05,93103,0
1034,3.5595e+05,93113,0
1035,3.5597e+05,93123,0
1036,3.5599e+05,93134,0
1037,3.5601e+05,93144,0
1038,3.5603e+05,93154,0
1039,3.5605e+05,93164,0
1040,3.5607e+05,93174,0
1041,3.5609e+05,93184,0
1042,3.561e+05,93194,0
1043,3.5612e+05,93204,0
1044,3.5614e+05,93214,0
1045,3.5616e+05,93224,0
1046,3.5618e+05,93234,0
1047,3.562e+05,93245,0
1048,3.5622e+05,93255,0
1049,3.5624e+05,93265,0
1050,3.5626e+05,93275,0
1051,3.5628e+05,93285,0
1052,3.563e+05,93295,0
1053,3.5631e+05,93305,0
1054,3.5633e+05,93315,0
1055,3.5635e+05,93325,0
1056,3.5637e+05,93335,0
1057,3.5639e+05,93345,0
1058,3.5641e+05,93355,0
1059,3.5643e+05,93364,0
1060,3.5645e+05,93374,0
1061,3.5647e+05,93384,0
1062,3.5649e+05,93394,0
1063,3.5651e+05,93404,0
1064,3.5653e+05,93414,0
1065,3.5654e+05,93424,0
1066,3.5656e+05,93434,0
1067,3.5658e+05,93444,0
1068,3.566e+05,93454,0
1069,3.5662e+05,93464,0
1070,3.5664e+05,93473,0
1071,3.5666e+05,93483,0
1072,3.5668e+05,93493,0
1073,3.567e+05,93503,0
1074,3.5672e+05,93513,0
1075,3.5674e+05,93523,0
1076,3.5676e+05,93532,0
1077,3.5677e+05,93542,0
1078,3.5679e+05,93552,0
1079,3.5681e+05,93562,0
1080,3.5683e+05,93572,0
1081,3.5685e+05,93581,0
1082,3.5687e+05,93591,0
1083,3.5689e+05,93601,0
1084,3.5691e+05,93611,0
1085,3.5693e+05,93620,0
1086,3.5695e+05,93630,0
1087,3.5697e+05,93640,0
1088,3.5699e+05,93650,0
1089,3.57e+05,93659,0
1090,3.5702e+05,93669,0
1091,3.5704e+05,93679,0
1092,3.5706e+05,93688,0
1093,3.5708e+05,93698,0
1094,3.571e+05,93708,0
1095,3.5712e+05,93717,0
1096,3.5714e+05,93727,0
1097,3.5716e+05,93737,0
1098,3.5718e+05,93746,0
1099,3.572e+05,93756,0
1100,3.5722e+05,93766,0
1101,3.5724e+05,93775,0
1102,3.5725e+05,93785,0
1103,3.5727e+05,93795,0
1104,3.5729e+05,93804,0
1105,3.5731e+05,93814,0
1106,3.5733e+05,93823,0
1107,3.5735e+05,93833,0
1108,3.5737e+05,93842,0
1109,3.5739e+05,93852,0
1110,3.5741e+05,93862,0
1111,3.5743e+05,93871,0
1112,3.5745e+05,93881,0
1113,3.5747e+05,93890,0
1114,3.5749e+05,93900,0
1115,3.5751e+05,93909,0
1116,3.5752e+05,93919,0
1117,3.5754e+05,93928,0
1118,3.5756e+05,93938,0
1119,3.5758e+05,93947,0
1120,3.576e+05,93957,0
1121,3.5762e+05,93966,0
1122,3.5764e+05,93975,0
1123,3.5766e+05,93985,0
1124,3.5768e+05,93994,0
1125,3.577e+05,94004,0
1126,3.5772e+05,94013,0
1127,3.5774e+05,94023,0
1128,3.5776e+05,94032,0
1129,3.5778e+05,94041,0
1130,3.5779e+05,94051,0
1131,3.5781e+05,94060,0
1132,3.5783e+05,94070,0
1133,3.5785e+05,94079,0
1134,3.5787e+05,94088,0
1135,3.5789e+05,94098,0
1136,3.5791e+05,94107,0
1137,3.5793e+05,94116,0
1138,3.5795e+05,94126,0
1139,3.5797e+05,94135,0
1140,3.5799e+05,94144,0
1141,3.5801e+05,94153,0
1142,3.5803e+05,94163,0
1143,3.5805e+05,94172,0
1144,3.5807e+05,94181,0
1145,3.5808e+05,94191,0
1146,3.581e+05,94200,0
1147,3.5812e+05,94209,0
1148,3.5814e+05,94218,0
1149,3.5816e+05,94228,0
1150,3.5818e+05,94237,0
1151,3.582e+05,94246,0
1152,3.5822e+05,94255,0
1153,3.5824e+05,94264,0
1154,3.5826e+05,94274,0
1155,3.5828e+05,94283,0
1156,3.583e+05,94292,0
1157,3.5832e+05,94301,0
1158,3.5834e+05,94310,0
1159,3.5836e+05,94319,0
1160,3.5838e+05,94329,0
1161,3.5839e+05,94338,0
1162,3.5841e+05,94347,0
1163,3.5843e+05,94356,0
1164,3.5845e+05,94365,0
1165,3.5847e+05,94374,0
1166,3.5849e+05,94383,0
1167,3.5851e+05,94392,0
1168,3.5853e+05,94401,0
1169,3.5855e+05,94411,0
1170,3.5857e+05,94420,0
1171,3.5859e+05,94429,0
1172,3.5861e+05,94438,0
1173,3.5863e+05,94447,0
1174,3.5865e+05,94456,0
1175,3.5867e+05,94465,0
1176,3.5869e+05,94474,0
1177,3.587e+05,94483,0
1178,3.5872e+05,94492,0
1179,3.5874e+05,94501,0
1180,3.5876e+05,94510,0
1181,3.5878e+05,94519,0
1182,3.588e+05,94528,0
1183,3.5882e+05,94537,0
1184,3.5884e+05,94546,0
1185,3.5886e+05,94555,0
1186,3.5888e+05,94564,0
1187,3.589e+05,94573,0
1188,3.5892e+05,94581,0
1189,3.5894e+05,94590,0
1190,3.5896e+05,94599,0
1191,3.5898e+05,94608,0
1192,3.59e+05,94617,0
1193,3.5902e+05,94626,0
1194,3.5904e+05,94635,0
1195,3.5905e+05,94644,0
1196,3.5907e+05,94653,0
1197,3.5909e+05,94661,0
1198,3.5911e+05,94670,0
1199,3.5913e+05,94679,0
1200,3.5915e+05,94688,0
1201,3.5917e+05,94697,0
1202,3.5919e+05,94705,0
1203,3.5921e+05,94714,0
1204,3.5923e+05,94723,0
1205,3.5925e+05,94732,0
1206,3.5927e+05,94741,0
1207,3.5929e+05,94749,0
1208,3.5931e+05,94758,0
1209,3.5933e+05,94767,0
1210,3.5935e+05,94776,0
1211,3.5937e+05,94784,0
1212,3.5939e+05,94793,0
1213,3.5941e+05,94802,0
1214,3.5942e+05,94811,0
1215,3.5944e+05,94819,0
1216,3.5946e+05,94828,0
1217,3.5948e+05,94837,0
1218,3.595e+05,94845,0
1219,3.5952e+05,94854,0
1220,3.5954e+05,94863,0
1221,3.5956e+05,94871,0
1222,3.5958e+05,94880,0
1223,3.596e+05,94889,0
1224,3.5962e+05,94897,0
1225,3.5964e+05,94906,0
1226,3.5966e+05,94914,0
1227,3.5968e+05,94923,0
1228,3.597e+05,94932,0
1229,3.5972e+05,94940,0
1230,3.5974e+05,94949,0
1231,3.5976e+05,94957,0
1232,3.5978e+05,94966,0
1233,3.598e+05,94975,0
1234,3.5982e+05,94983,0
1235,3.5984e+05,94992,0
1236,3.5985e+05,95000,0
1237,3.5987e+05,95009,0
1238,3.5989e+05,95017,0
1239,3.5991e+05,95026,0
1240,3.5993e+05,95034,0
1241,3.5995e+05,95043,0
1242,3.5997e+05,95051,0
1243,3.5999e+05,95060,0
1244,3.6001e+05,95068,0
1245,3.6003e+05,95077,0
1246,3.6005e+05,95085,0
1247,3.6007e+05,95094,0
1248,3.6009e+05,95102,0
1249,3.6011e+05,95110,0
1250,3.6013e+05,95119,0
1251,3.6015e+05,95127,0
1252,3.6017e+05,95136,0
1253,3.6019e+05,95144,0
1254,3.6021e+05,95152,0
1255,3.6023e+05,95161,0
1256,3.6025e+05,95169,0
1257,3.6027e+05,95178,0
1258,3.6029e+05,95186,0
1259,3.603e+05,95194,0
1260,3.6032e+05,95203,0
1261,3.6034e+05,95211,0
1262,3.6036e+05,95219,0
1263,3.6038e+05,95228,0
1264,3.604e+05,95236,0
1265,3.6042e+05,95244,0
1266,3.6044e+05,95253,0
1267,3.6046e+05,95261,0
1268,3.6048e+05,95269,0
1269,3.605e+05,95277,0
1270,3.6052e+05,95286,0
1271,3.6054e+05,95294,0
1272,3.6056e+05,95302,0
1273,3.6058e+05,95310,0
1274,3.606e+05,95319,0
1275,3.6062e+05,95327,0
1276,3.6064e+05,95335,0
1277,3.6066e+05,95343,0
1278,3.6068e+05,95351,0
1279,3.607e+05,95360,0
1280,3.6072e+05,95368,0
1281,3.6074e+05,95376,0
1282,3.6076e+05,95384,0
1283,3.6078e+05,95392,0
1284,3.608e+05,95400,0
1285,3.6082e+05,95409,0
1286,3.6084e+05,95417,0
1287,3.6085e+05,95425,0
1288,3.6087e+05,95433,0
1289,3.6089e+05,95441,0
1290,3.6091e+05,95449,0
1291,3.6093e+05,95457,0
1292,3.6095e+05,95465,0
1293,3.6097e+05,95473,0
1294,3.6099e+05,95482,0
1295,3.6101e+05,95490,0
1296,3.6103e+05,95498,0
1297,3.6105e+05,95506,0
1298,3.6107e+05,95514,0
1299,3.6109e+05,95522,0
1300,3.6111e+05,95530,0
1301,3.6113e+05,95538,0
1302,3.6115e+05,95546,0
1303,3.6117e+05,95554,0
1304,3.6119e+05,95562,0
1305,3.6121e+05,95570,0
1306,3.6123e+05,95578,0
1307,3.6125e+05,95586,0
1308,3.6127e+05,95594,0
1309,3.6129e+05,95602,0
1310,3.6131e+05,95610,0
1311,3.6133e+05,95617,0
1312,3.6135e+05,95625,0
1313,3.6137e+05,95633,0
1314,3.6139e+05,95641,0
1315,3.6141e+05,95649,0
1316,3.6143e+05,95657,0
1317,3.6145e+05,95665,0
1318,3.6147e+05,95673,0
1319,3.6149e+05,95681,0
1320,3.615e+05,95688,0
1321,3.6152e+05,95696,0
1322,3.6154e+05,95704,0
1323,3.6156e+05,95712,0
1324,3.6158e+05,95720,0
1325,3.616e+05,95728,0
1326,3.6162e+05,95735,0
1327,3.6164e+05,95743,0
1328,3.6166e+05,95751,0
1329,3.6168e+05,95759,0
1330,3.617e+05,95767,0
1331,3.6172e+05,95774,0
1332,3.6174e+05,95782,0
1333,3.6176e+05,95790,0
1334,3.6178e+05,95798,0
1335,3.618e+05,95805,0
1336,3.6182e+05,95813,0
1337,3.6184e+05,95821,0
1338,3.6186e+05,95829,0
1339,3.6188e+05,95836,0
1340,3.619e+05,95844,0
1341,3.6192e+05,95852,0
1342,3.6194e+05,95859,0
1343,3.6196e+05,95867,0
1344,3.6198e+05,95875,0
1345,3.62e+05,95882,0
1346,3.6202e+05,95890,0
1347,3.6204e+05,95898,0
1348,3.6206e+05,95905,0
1349,3.6208e+05,95913,0
1350,3.621e+05,95921,0
1351,3.6212e+05,95928,0
1352,3.6214e+05,95936,0
1353,3.6216e+05,95943,0
1354,3.6218e+05,95951,0
1355,3.622e+05,95959,0
1356,3.6222e+05,95966,0
1357,3.6224e+05,95974,0
1358,3.6226e+05,95981,0
1359,3.6228e+05,95989,0
1360,3.623e+05,95996,0
1361,3.6232e+05,96004,0
1362,3.6234e+05,96011,0
1363,3.6236e+05,96019,0
1364,3.6238e+05,96026,0
1365,3.6239e+05,96034,0
1366,3.6241e+05,96041,0
1367,3.6243e+05,96049,0
1368,3.6245e+05,96056,0
1369,3.6247e+05,96064,0
1370,3.6249e+05,96071,0
1371,3.6251e+05,96079,0
1372,3.6253e+05,96086,0
1373,3.6255e+05,96094,0
1374,3.6257e+05,96101,0
1375,3.6259e+05,96108,0
1376,3.6261e+05,96116,0
1377,3.6263e+05,96123,0
1378,3.6265e+05,96131,0
1379,3.6267e+05,96138,0
1380,3.6269e+05,96145,0
1381,3.6271e+05,96153,0
1382,3.6273e+05,96160,0
1383,3.6275e+05,96167,0
1384,3.6277e+05,96175,0
1385,3.6279e+05,96182,0
1386,3.6281e+05,96189,0
1387,3.6283e+05,96197,0
1388,3.6285e+05,96204,0
1389,3.6287e+05,96211,0
1390,3.6289e+05,96219,0
1391,3.6291e+05,96226,0
1392,3.6293e+05,96233,0
1393,3.6295e+05,96240,0
1394,3.6297e+05,96248,0
1395,3.6299e+05,96255,0
1396,3.6301e+05,96262,0
1397,3.6303e+05,96269,0
1398,3.6305e+05,96277,0
1399,3.6307e+05,96284,0
1400,3.6309e+05,96291,0
1401,3.6311e+05,96298,0
1402,3.6313e+05,96306,0
1403,3.6315e+05,96313,0
1404,3.6317e+05,96320,0
1405,3.6319e+05,96327,0
1406,3.6321e+05,96334,0
1407,3.6323e+05,96341,0
1408,3.6325e+05,96349,0
1409,3.6327e+05,96356,0
1410,3.6329e+05,96363,0
1411,3.6331e+05,96370,0
1412,3.6333e+05,96377,0
1413,3.6335e+05,96384,0
1414,3.6337e+05,96391,0
1415,3.6339e+05,96398,0
1416,3.6341e+05,96405,0
1417,3.6343e+05,96413,0
1418,3.6345e+05,96420,0
1419,3.6347e+05,96427,0
1420,3.6349e+05,96434,0
1421,3.6351e+05,96441,0
1422,3.6353e+05,96448,0
1423,3.6355e+05,96455,0
1424,3.6357e+05,96462,0
1425,3.6359e+05,96469,0
1426,3.6361e+05,96476,0
1427,3.6363e+05,96483,0
1428,3.6365e+05,96490,0
1429,3.6367e+05,96497,0
1430,3.6369e+05,96504,0
1431,3.6371e+05,96511,0
1432,3.6373e+05,96518,0
1433,3.6375e+05,96525,0
1434,3.6377e+05,96532,0
1435,3.6379e+05,96539,0
1436,3.6381e+05,96545,0
1437,3.6383e+05,96552,0
1438,3.6385e+05,96559,0
1439,3.6387e+05,96566,0
1440,3.6389e+05,96573,0
1441,3.6391e+05,96580,0
1442,3.6393e+05,96587,0
1443,3.6395e+05,96594,0
1444,3.6397e+05,96601,0
1445,3.6399e+05,96607,0
1446,3.6401e+05,96614,0
1447,3.6403e+05,96621,0
1448,3.6405e+05,96628,0
1449,3.6407e+05,96635,0
1450,3.6409e+05,96642,0
1451,3.6411e+05,96648,0
1452,3.6413e+05,96655,0
1453,3.6415e+05,96662,0
1454,3.6417e+05,96669,0
1455,3.6419e+05,96676,0
1456,3.6421e+05,96682,0
1457,3.6423e+05,96689,0
1458,3.6425e+05,96696,0
1459,3.6427e+05,96703,0
1460,3.6429e+05,96709,0
1461,3.6431e+05,96716,0
1462,3.6433e+05,96723,0
1463,3.6435e+05,96729,0
1464,3.6437e+05,96736,0
1465,3.6439e+05,96743,0
1466,3.6441e+05,96749,0
1467,3.6443e+05,96756,0
1468,3.6445e+05,96763,0
1469,3.6447e+05,96769,0
1470,3.6449e+05,96776,0
1471,3.6451e+05,96783,0
1472,3.6453e+05,96789,0
1473,3.6455e+05,96796,0
1474,3.6457e+05,96803,0
1475,3.6459e+05,96809,0
1476,3.6461e+05,96816,0
1477,3.6463e+05,96822,0
1478,3.6465e+05,96829,0
1479,3.6467e+05,96836,0
1480,3.6469e+05,96842,0
1481,3.6471e+05,96849,0
1482,3.6473e+05,96855,0
1483,3.6475e+05,96862,0
1484,3.6477e+05,96868,0
1485,3.6479e+05,96875,0
1486,3.6481e+05,96881,0
1487,3.6483e+05,96888,0
1488,3.6485e+05,96894,0
1489,3.6487e+05,96901,0
1490,3.6489e+05,96907,0
1491,3.6491e+05,96914,0
1492,3.6493e+05,96920,0
1493,3.6495e+05,96927,0
1494,3.6497e+05,96933,0
1495,3.6499e+05,96940,0
1496,3.6501e+05,96946,0
1497,3.6503e+05,96953,0
1498,3.6505e+05,96959,0
1499,3.6507e+05,96965,0
1500,3.6509e+05,96972,0
1501,3.6511e+05,96978,0
1502,3.6513e+05,96985,0
1503,3.6515e+05,96991,0
1504,3.6517e+05,96997,0
1505,3.6519e+05,97004,0
1506,3.6521e+05,97010,0
1507,3.6523e+05,97016,0
1508,3.6525e+05,97023,0
1509,3.6527e+05,97029,0
1510,3.6529e+05,97035,0
1511,3.6531e+05,97042,0
1512,3.6533e+05,97048,0
1513,3.6535e+05,97054,0
1514,3.6537e+05,97061,0
1515,3.6539e+05,97067,0
1516,3.6541e+05,97073,0
1517,3.6543e+05,97079,0
1518,3.6545e+05,97086,0
1519,3.6547e+05,97092,0
1520,3.6549e+05,97098,0
1521,3.6551e+05,97104,0
1522,3.6553e+05,97111,0
1523,3.6555e+05,97117,0
1524,3.6557e+05,97123,0
1525,3.6559e+05,97129,0
1526,3.6561e+05,97136,0
1527,3.6563e+05,97142,0
1528,3.6565e+05,97148,0
1529,3.6567e+05,97154,0
1530,3.6569e+05,97160,0
1531,3.6571e+05,97166,0
1532,3.6573e+05,97173,0
1533,3.6575e+05,97179,0
1534,3.6577e+05,97185,0
1535,3.6579e+05,97191,0
1536,3.6581e+05,97197,0
1537,3.6583e+05,97203,0
1538,3.6585e+05,97209,0
1539,3.6587e+05,97215,0
1540,3.659e+05,97221,0
1541,3.6592e+05,97227,0
1542,3.6594e+05,97234,0
1543,3.6596e+05,97240,0
1544,3.6598e+05,97246,0
1545,3.66e+05,97252,0
1546,3.6602e+05,97258,0
1547,3.6604e+05,97264,0
1548,3.6606e+05,97270,0
1549,3.6608e+05,97276,0
1550,3.661e+05,97282,0
1551,3.6612e+05,97288,0
1552,3.6614e+05,97294,0
1553,3.6616e+05,97300,0
1554,3.6618e+05,97306,0
1555,3.662e+05,97312,0
1556,3.6622e+05,97318,0
1557,3.6624e+05,97324,0
1558,3.6626e+05,97330,0
1559,3.6628e+05,97335,0
1560,3.663e+05,97341,0
1561,3.6632e+05,97347,0
1562,3.6634e+05,97353,0
1563,3.6636e+05,97359,0
1564,3.6638e+05,97365,0
1565,3.664e+05,97371,0
1566,3.6642e+05,97377,0
1567,3.6644e+05,97383,0
1568,3.6646e+05,97388,0
1569,3.6648e+05,97394,0
1570,3.665e+05,97400,0
1571,3.6652e+05,97406,0
1572,3.6654e+05,97412,0
1573,3.6656e+05,97418,0
1574,3.6658e+05,97423,0
1575,3.666e+05,97429,0
1576,3.6662e+05,97435,0
1577,3.6664e+05,97441,0
1578,3.6666e+05,97447,0
1579,3.6668e+05,97452,0
1580,3.667e+05,97458,0
1581,3.6672e+05,97464,0
1582,3.6674e+05,97470,0
1583,3.6676e+05,97475,0
1584,3.6678e+05,97481,0
1585,3.668e+05,97487,0
1586,3.6682e+05,97492,0
1587,3.6684e+05,97498,0
1588,3.6687e+05,97504,0
1589,3.6689e+05,97510,0
1590,3.6691e+05,97515,0
1591,3.6693e+05,97521,0
1592,3.6695e+05,97527,0
1593,3.6697e+05,97532,0
1594,3.6699e+05,97538,0
1595,3.6701e+05,97543,0
1596,3.6703e+05,97549,0
1597,3.6705e+05,97555,0
1598,3.6707e+05,97560,0
1599,3.6709e+05,97566,0
1600,3.6711e+05,97572,0
1601,3.6713e+05,97577,0
1602,3.6715e+05,97583,0
1603,3.6717e+05,97588,0
1604,3.6719e+05,97594,0
1605,3.6721e+05,97599,0
1606,3.6723e+05,97605,0
1607,3.6725e+05,97610,0
1608,3.6727e+05,97616,0
1609,3.6729e+05,97622,0
1610,3.6731e+05,97627,0
1611,3.6733e+05,97633,0
1612,3.6735e+05,97638,0
1613,3.6737e+05,97644,0
1614,3.6739e+05,97649,0
1615,3.6741e+05,97654,0
1616,3.6743e+05,97660,0
1617,3.6745e+05,97665,0
1618,3.6747e+05,97671,0
1619,3.6749e+05,97676,0
1620,3.6751e+05,97682,0
1621,3.6753e+05,97687,0
1622,3.6755e+05,97693,0
1623,3.6757e+05,97698,0
1624,3.676e+05,97703,0
1625,3.6762e+05,97709,0
1626,3.6764e+05,97714,0
1627,3.6766e+05,97720,0
1628,3.6768e+05,97725,0
1629,3.677e+05,97730,0
1630,3.6772e+05,97736,0
1631,3.6774e+05,97741,0
1632,3.6776e+05,97746,0
1633,3.6778e+05,97752,0
1634,3.678e+05,97757,0
1635,3.6782e+05,97762,0
1636,3.6784e+05,97768,0
1637,3.6786e+05,97773,0
1638,3.6788e+05,97778,0
1639,3.679e+05,97783,0
1640,3.6792e+05,97789,0
1641,3.6794e+05,97794,0
1642,3.6796e+05,97799,0
1643,3.6798e+05,97804,0
1644,3.68e+05,97810,0
1645,3.6802e+05,97815,0
1646,3.6804e+05,97820,0
1647,3.6806e+05,97825,0
1648,3.6808e+05,97831,0
1649,3.681e+05,97836,0
1650,3.6812e+05,97841,0
1651,3.6814e+05,97846,0
1652,3.6816e+05,97851,0
1653,3.6818e+05,97857,0
1654,3.6821e+05,97862,0
1655,3.6823e+05,97867,0
1656,3.6825e+05,97872,0
1657,3.6827e+05,97877,0
1658,3.6829e+05,97882,0
1659,3.6831e+05,97887,0
1660,3.6833e+05,97892,0
1661,3.6835e+05,97898,0
1662,3.6837e+05,97903,0
1663,3.6839e+05,97908,0
1664,3.6841e+05,97913,0
1665,3.6843e+05,97918,0
1666,3.6845e+05,97923,0
1667,3.6847e+05,97928,0
1668,3.6849e+05,97933,0
1669,3.6851e+05,97938,0
1670,3.6853e+05,97943,0
1671,3.6855e+05,97948,0
1672,3.6857e+05,97953,0
1673,3.6859e+05,97958,0
1674,3.6861e+05,97963,0
1675,3.6863e+05,97968,0
1676,3.6865e+05,97973,0
1677,3.6867e+05,97978,0
1678,3.6869e+05,97983,0
1679,3.6871e+05,97988,0
1680,3.6874e+05,97993,0
1681,3.6876e+05,97998,0
1682,3.6878e+05,98003,0
1683,3.688e+05,98008,0
1684,3.6882e+05,98013,0
1685,3.6884e+05,98018,0
1686,3.6886e+05,98022,0
1687,3.6888e+05,98027,0
1688,3.689e+05,98032,0
1689,3.6892e+05,98037,0
1690,3.6894e+05,98042,0
1691,3.6896e+05,98047,0
1692,3.6898e+05,98052,0
1693,3.69e+05,98057,0
1694,3.6902e+05,98061,0
1695,3.6904e+05,98066,0
1696,3.6906e+05,98071,0
1697,3.6908e+05,98076,0
1698,3.691e+05,98081,0
1699,3.6912e+05,98085,0
1700,3.6914e+05,98090,0
1701,3.6916e+05,98095,0
1702,3.6918e+05,98100,0
1703,3.6921e+05,98104,0
1704,3.6923e+05,98109,0
1705,3.6925e+05,98114,0
1706,3.6927e+05,98119,0
1707,3.6929e+05,98123,0
1708,3.6931e+05,98128,0
1709,3.6933e+05,98133,0
1710,3.6935e+05,98138,0
1711,3.6937e+05,98142,0
1712,3.6939e+05,98147,0
1713,3.6941e+05,98152,0
1714,3.6943e+05,98156,0
1715,3.6945e+05,98161,0
1716,3.6947e+05,98166,0
1717,3.6949e+05,98170,0
1718,3.6951e+05,98175,0
1719,3.6953e+05,98180,0
1720,3.6955e+05,98184,0
1721,3.6957e+05,98189,0
1722,3.6959e+05,98193,0
1723,3.6961e+05,98198,0
1724,3.6963e+05,98203,0
1725,3.6966e+05,98207,0
1726,3.6968e+05,98212,0
1727,3.697e+05,98216,0
1728,3.6972e+05,98221,0
1729,3.6974e+05,98225,0
1730,3.6976e+05,98230,0
1731,3.6978e+05,98234,0
1732,3.698e+05,98239,0
1733,3.6982e+05,98244,0
1734,3.6984e+05,98248,0
1735,3.6986e+05,98253,0
1736,3.6988e+05,98257,0
1737,3.699e+05,98262,0
1738,3.6992e+05,98266,0
1739,3.6994e+05,98270,0
1740,3.6996e+05,98275,0
1741,3.6998e+05,98279,0
1742,3.7e+05,98284,0
1743,3.7002e+05,98288,0
1744,3.7004e+05,98293,0
1745,3.7006e+05,98297,0
1746,3.7009e+05,98302,0
1747,3.7011e+05,98306,0
1748,3.7013e+05,98310,0
1749,3.7015e+05,98315,0
1750,3.7017e+05,98319,0
1751,3.7019e+05,98323,0
1752,3.7021e+05,98328,0
1753,3.7023e+05,98332,0
1754,3.7025e+05,98337,0
1755,3.7027e+05,98341,0
1756,3.7029e+05,98345,0
1757,3.7031e+05,98349,0
1758,3.7033e+05,98354,0
1759,3.7035e+05,98358,0
1760,3.7037e+05,98362,0
1761,3.7039e+05,98367,0
1762,3.7041e+05,98371,0
1763,3.7043e+05,98375,0
1764,3.7045e+05,98380,0
1765,3.7048e+05,98384,0
1766,3.705e+05,98388,0
1767,3.7052e+05,98392,0
1768,3.7054e+05,98397,0
1769,3.7056e+05,98401,0
1770,3.7058e+05,98405,0
1771,3.706e+05,98409,0
1772,3.7062e+05,98413,0
1773,3.7064e+05,98418,0
1774,3.7066e+05,98422,0
1775,3.7068e+05,98426,0
1776,3.707e+05,98430,0
1777,3.7072e+05,98434,0
1778,3.7074e+05,98438,0
1779,3.7076e+05,98443,0
1780,3.7078e+05,98447,0
1781,3.708e+05,98451,0
1782,3.7082e+05,98455,0
1783,3.7085e+05,98459,0
1784,3.7087e+05,98463,0
1785,3.7089e+05,98467,0
1786,3.7091e+05,98471,0
1787,3.7093e+05,98475,0
1788,3.7095e+05,98479,0
1789,3.7097e+05,98484,0
1790,3.7099e+05,98488,0
1791,3.7101e+05,98492,0
1792,3.7103e+05,98496,0
1793,3.7105e+05,98500,0
1794,3.7107e+05,98504,0
1795,3.7109e+05,98508,0
1796,3.7111e+05,98512,0
1797,3.7113e+05,98516,0
1798,3.7115e+05,98520,0
1799,3.7117e+05,98524,0
1800,3.712e+05,98528,0
1801,3.7122e+05,98532,0
1802,3.7124e+05,98536,0
1803,3.7126e+05,98540,0
1804,3.7128e+05,98543,0
1805,3.713e+05,98547,0
1806,3.7132e+05,98551,0
1807,3.7134e+05,98555,0
1808,3.7136e+05,98559,0
1809,3.7138e+05,98563,0
1810,3.714e+05,98567,0
1811,3.7142e+05,98571,0
1812,3.7144e+05,98575,0
1813,3.7146e+05,98579,0
1814,3.7148e+05,98582,0
1815,3.715e+05,98586,0
1816,3.7152e+05,98590,0
1817,3.7155e+05,98594,0
1818,3.7157e+05,98598,0
1819,3.7159e+05,98602,0
1820,3.7161e+05,98605,0
1821,3.7163e+05,98609,0
1822,3.7165e+05,98613,0
1823,3.7167e+05,98617,0
1824,3.7169e+05,98621,0
1825,3.7171e+05,98624,0
1826,3.7173e+05,98628,0
1827,3.7175e+05,98632,0
1828,3.7177e+05,98636,0
1829,3.7179e+05,98639,0
1830,3.7181e+05,98643,0
1831,3.7183e+05,98647,0
1832,3.7185e+05,98650,0
1833,3.7188e+05,98654,0
1834,3.719e+05,98658,0
1835,3.7192e+05,98662,0
1836,3.7194e+05,98665,0
1837,3.7196e+05,98669,0
1838,3.7198e+05,98673,0
1839,3.72e+05,98676,0
1840,3.7202e+05,98680,0
1841,3.7204e+05,98684,0
1842,3.7206e+05,98687,0
1843,3.7208e+05,98691,0
1844,3.721e+05,98694,0
1845,3.7212e+05,98698,0
1846,3.7214e+05,98702,0
1847,3.7216e+05,98705,0
1848,3.7218e+05,98709,0
1849,3.7221e+05,98712,0
1850,3.7223e+05,98716,0
1851,3.7225e+05,98719,0
1852,3.7227e+05,98723,0
1853,3.7229e+05,98727,0
1854,3.7231e+05,98730,0
1855,3.7233e+05,98734,0
1856,3.7235e+05,98737,0
1857,3.7237e+05,98741,0
1858,3.7239e+05,98744,0
1859,3.7241e+05,98748,0
1860,3.7243e+05,98751,0
1861,3.7245e+05,98755,0
1862,3.7247e+05,98758,0
1863,3.7249e+05,98762,0
1864,3.7252e+05,98765,0
1865,3.7254e+05,98768,0
1866,3.7256e+05,98772,0
1867,3.7258e+05,98775,0
1868,3.726e+05,98779,0
1869,3.7262e+05,98782,0
1870,3.7264e+05,98786,0
1871,3.7266e+05,98789,0
1872,3.7268e+05,98792,0
1873,3.727e+05,98796,0
1874,3.7272e+05,98799,0
1875,3.7274e+05,98802,0
1876,3.7276e+05,98806,0
1877,3.7278e+05,98809,0
1878,3.7281e+05,98812,0
1879,3.7283e+05,98816,0
1880,3.7285e+05,98819,0
1881,3.7287e+05,98822,0
1882,3.7289e+05,98826,0
1883,3.7291e+05,98829,0
1884,3.7293e+05,98832,0
1885,3.7295e+05,98836,0
1886,3.7297e+05,98839,0
1887,3.7299e+05,98842,0
1888,3.7301e+05,98845,0
1889,3.7303e+05,98849,0
1890,3.7305e+05,98852,0
1891,3.7307e+05,98855,0
1892,3.731e+05,98858,0
1893,3.7312e+05,98862,0
1894,3.7314e+05,98865,0
1895,3.7316e+05,98868,0
1896,3.7318e+05,98871,0
1897,3.732e+05,98874,0
1898,3.7322e+05,98878,0
1899,3.7324e+05,98881,0
1900,3.7326e+05,98884,0
1901,3.7328e+05,98887,0
1902,3.733e+05,98890,0
1903,3.7332e+05,98893,0
1904,3.7334e+05,98896,0
1905,3.7336e+05,98900,0
1906,3.7339e+05,98903,0
1907,3.7341e+05,98906,0
1908,3.7343e+05,98909,0
1909,3.7345e+05,98912,0
1910,3.7347e+05,98915,0
1911,3.7349e+05,98918,0
1912,3.7351e+05,98921,0
1913,3.7353e+05,98924,0
1914,3.7355e+05,98927,0
1915,3.7357e+05,98930,0
1916,3.7359e+05,98933,0
1917,3.7361e+05,98936,0
1918,3.7363e+05,98939,0
1919,3.7365e+05,98942,0
1920,3.7368e+05,98945,0
1921,3.737e+05,98948,0
1922,3.7372e+05,98951,0
1923,3.7374e+05,98954,0
1924,3.7376e+05,98957,0
1925,3.7378e+05,98960,0
1926,3.738e+05,98963,0
1927,3.7382e+05,98966,0
1928,3.7384e+05,98969,0
1929,3.7386e+05,98972,0
1930,3.7388e+05,98975,0
1931,3.739e+05,98978,0
1932,3.7392e+05,98981,0
1933,3.7395e+05,98984,0
1934,3.7397e+05,98986,0
1935,3.7399e+05,98989,0
1936,3.7401e+05,98992,0
1937,3.7403e+05,98995,0
1938,3.7405e+05,98998,0
1939,3.7407e+05,99001,0
1940,3.7409e+05,99004,0
1941,3.7411e+05,99006,0
1942,3.7413e+05,99009,0
1943,3.7415e+05,99012,0
1944,3.7417e+05,99015,0
1945,3.7419e+05,99018,0
1946,3.7422e+05,99020,0
1947,3.7424e+05,99023,0
1948,3.7426e+05,99026,0
1949,3.7428e+05,99029,0
1950,3.743e+05,99031,0
1951,3.7432e+05,99034,0
1952,3.7434e+05,99037,0
1953,3.7436e+05,99040,0
1954,3.7438e+05,99042,0
1955,3.744e+05,99045,0
1956,3.7442e+05,99048,0
1957,3.7444e+05,99051,0
1958,3.7447e+05,99053,0
1959,3.7449e+05,99056,0
1960,3.7451e+05,99059,0
1961,3.7453e+05,99061,0
1962,3.7455e+05,99064,0
1963,3.7457e+05,99067,0
1964,3.7459e+05,99069,0
1965,3.7461e+05,99072,0
1966,3.7463e+05,99074,0
1967,3.7465e+05,99077,0
1968,3.7467e+05,99080,0
1969,3.7469e+05,99082,0
1970,3.7471e+05,99085,0
1971,3.7474e+05,99087,0
1972,3.7476e+05,99090,0
1973,3.7478e+05,99093,0
1974,3.748e+05,99095,0
1975,3.7482e+05,99098,0
1976,3.7484e+05,99100,0
1977,3.7486e+05,99103,0
1978,3.7488e+05,99105,0
1979,3.749e+05,99108,0
1980,3.7492e+05,99110,0
1981,3.7494e+05,99113,0
1982,3.7496e+05,99115,0
1983,3.7499e+05,99118,0
1984,3.7501e+05,99120,0
1985,3.7503e+05,99123,0
1986,3.7505e+05,99125,0
1987,3.7507e+05,99128,0
1988,3.7509e+05,99130,0
1989,3.7511e+05,99132,0
1990,3.7513e+05,99135,0
1991,3.7515e+05,99137,0
1992,3.7517e+05,99140,0
1993,3.7519e+05,99142,0
1994,3.7521e+05,99145,0
1995,3.7524e+05,99147,0
1996,3.7526e+05,99149,0
1997,3.7528e+05,99152,0
1998,3.753e+05,99154,0
1999,3.7532e+05,99156,0
2000,3.7534e+05,99159,0
2001,3.7536e+05,99161,0
2002,3.7538e+05,99163,0
2003,3.754e+05,99166,0
2004,3.7542e+05,99168,0
2005,3.7544e+05,99170,0
2006,3.7546e+05,99173,0
2007,3.7549e+05,99175,0
2008,3.7551e+05,99177,0
2009,3.7553e+05,99179,0
2010,3.7555e+05,99182,0
2011,3.7557e+05,99184,0
2012,3.7559e+05,99186,0
2013,3.7561e+05,99189,0
2014,3.7563e+05,99191,0
2015,3.7565e+05,99193,0
2016,3.7567e+05,99195,0
2017,3.7569e+05,99197,0
2018,3.7572e+05,99200,0
2019,3.7574e+05,99202,0
2020,3.7576e+05,99204,0
2021,3.7578e+05,99206,0
2022,3.758e+05,99208,0
2023,3.7582e+05,99210,0
2024,3.7584e+05,99213,0
2025,3.7586e+05,99215,0
2026,3.7588e+05,99217,0
2027,3.759e+05,99219,0
2028,3.7592e+05,99221,0
2029,3.7594e+05,99223,0
2030,3.7597e+05,99225,0
2031,3.7599e+05,99227,0
2032,3.7601e+05,99230,0
2033,3.7603e+05,99232,0
2034,3.7605e+05,99234,0
2035,3.7607e+05,99236,0
2036,3.7609e+05,99238,0
2037,3.7611e+05,99240,0
2038,3.7613e+05,99242,0
2039,3.7615e+05,99244,0
2040,3.7617e+05,99246,0
2041,3.762e+05,99248,0
2042,3.7622e+05,99250,0
2043,3.7624e+05,99252,0
2044,3.7626e+05,99254,0
2045,3.7628e+05,99256,0
2046,3.763e+05,99258,0
2047,3.7632e+05,99260,0
2048,3.7634e+05,99262,0
2049,3.7636e+05,99264,0
2050,3.7638e+05,99266,0
2051,3.764e+05,99268,0
2052,3.7643e+05,99270,0
2053,3.7645e+05,99271,0
2054,3.7647e+05,99273,0
2055,3.7649e+05,99275,0
2056,3.7651e+05,99277,0
2057,3.7653e+05,99279,0
2058,3.7655e+05,99281,0
2059,3.7657e+05,99283,0
2060,3.7659e+05,99285,0
2061,3.7661e+05,99286,0
2062,3.7663e+05,99288,0
2063,3.7666e+05,99290,0
2064,3.7668e+05,99292,0
2065,3.767e+05,99294,0
2066,3.7672e+05,99296,0
2067,3.7674e+05,99297,0
2068,3.7676e+05,99299,0
2069,3.7678e+05,99301,0
2070,3.768e+05,99303,0
2071,3.7682e+05,99305,0
2072,3.7684e+05,99306,0
2073,3.7686e+05,99308,0
2074,3.7689e+05,99310,0
2075,3.7691e+05,99312,0
2076,3.7693e+05,99313,0
2077,3.7695e+05,99315,0
2078,3.7697e+05,99317,0
2079,3.7699e+05,99318,0
2080,3.7701e+05,99320,0
2081,3.7703e+05,99322,0
2082,3.7705e+05,99323,0
2083,3.7707e+05,99325,0
2084,3.7709e+05,99327,0
2085,3.7712e+05,99328,0
2086,3.7714e+05,99330,0
2087,3.7716e+05,99332,0
2088,3.7718e+05,99333,0
2089,3.772e+05,99335,0
2090,3.7722e+05,99337,0
2091,3.7724e+05,99338,0
2092,3.7726e+05,99340,0
2093,3.7728e+05,99341,0
2094,3.773e+05,99343,0
2095,3.7733e+05,99345,0
2096,3.7735e+05,99346,0
2097,3.7737e+05,99348,0
2098,3.7739e+05,99349,0
2099,3.7741e+05,99351,0
2100,3.7743e+05,99352,0
2101,3.7745e+05,99354,0
2102,3.7747e+05,99355,0
2103,3.7749e+05,99357,0
2104,3.7751e+05,99358,0
2105,3.7753e+05,99360,0
2106,3.7756e+05,99361,0
2107,3.7758e+05,99363,0
2108,3.776e+05,99364,0
2109,3.7762e+05,99366,0
2110,3.7764e+05,99367,0
2111,3.7766e+05,99369,0
2112,3.7768e+05,99370,0
2113,3.777e+05,99371,0
2114,3.7772e+05,99373,0
2115,3.7774e+05,99374,0
2116,3.7777e+05,99376,0
2117,3.7779e+05,99377,0
2118,3.7781e+05,99378,0
2119,3.7783e+05,99380,0
2120,3.7785e+05,99381,0
2121,3.7787e+05,99383,0
2122,3.7789e+05,99384,0
2123,3.7791e+05,99385,0
2124,3.7793e+05,99387,0
2125,3.7795e+05,99388,0
2126,3.7798e+05,99389,0
2127,3.78e+05,99391,0
2128,3.7802e+05,99392,0
2129,3.7804e+05,99393,0
2130,3.7806e+05,99394,0
2131,3.7808e+05,99396,0
2132,3.781e+05,99397,0
2133,3.7812e+05,99398,0
2134,3.7814e+05,99400,0
2135,3.7816e+05,99401,0
2136,3.7819e+05,99402,0
2137,3.7821e+05,99403,0
2138,3.7823e+05,99405,0
2139,3.7825e+05,99406,0
2140,3.7827e+05,99407,0
2141,3.7829e+05,99408,0
2142,3.7831e+05,99409,0
2143,3.7833e+05,99411,0
2144,3.7835e+05,99412,0
2145,3.7837e+05,99413,0
2146,3.784e+05,99414,0
2147,3.7842e+05,99415,0
2148,3.7844e+05,99416,0
2149,3.7846e+05,99417,0
2150,3.7848e+05,99419,0
2151,3.785e+05,99420,0
2152,3.7852e+05,99421,0
2153,3.7854e+05,99422,0
2154,3.7856e+05,99423,0
2155,3.7858e+05,99424,0
2156,3.7861e+05,99425,0
2157,3.7863e+05,99426,0
2158,3.7865e+05,99427,0
2159,3.7867e+05,99428,0
2160,3.7869e+05,99429,0
2161,3.7871e+05,99430,0
2162,3.7873e+05,99431,0
2163,3.7875e+05,99432,0
2164,3.7877e+05,99433,0
2165,3.7879e+05,99434,0
2166,3.7882e+05,99435,0
2167,3.7884e+05,99436,0
2168,3.7886e+05,99437,0
2169,3.7888e+05,99438,0
2170,3.789e+05,99439,0
2171,3.7892e+05,99440,0
2172,3.7894e+05,99441,0
2173,3.7896e+05,99442,0
2174,3.7898e+05,99443,0
2175,3.79e+05,99444,0
2176,3.7903e+05,99445,0
2177,3.7905e+05,99446,0
2178,3.7907e+05,99447,0
2179,3.7909e+05,99448,0
2180,3.7911e+05,99449,0
2181,3.7913e+05,99449,0
2182,3.7915e+05,99450,0
2183,3.7917e+05,99451,0
2184,3.7919e+05,99452,0
2185,3.7921e+05,99453,0
2186,3.7924e+05,99454,0
2187,3.7926e+05,99455,0
2188,3.7928e+05,99455,0
2189,3.793e+05,99456,0
2190,3.7932e+05,99457,0
2191,3.7934e+05,99458,0
2192,3.7936e+05,99459,0
2193,3.7938e+05,99459,0
2194,3.794e+05,99460,0
2195,3.7943e+05,99461,0
2196,3.7945e+05,99462,0
2197,3.7947e+05,99462,0
2198,3.7949e+05,99463,0
2199,3.7951e+05,99464,0
2200,3.7953e+05,99465,0
2201,3.7955e+05,99465,0
2202,3.7957e+05,99466,0
2203,3.7959e+05,99467,0
2204,3.7961e+05,99467,0
2205,3.7964e+05,99468,0
2206,3.7966e+05,99469,0
2207,3.7968e+05,99469,0
2208,3.797e+05,99470,0
2209,3.7972e+05,99471,0
2210,3.7974e+05,99471,0
2211,3.7976e+05,99472,0
2212,3.7978e+05,99473,0
2213,3.798e+05,99473,0
2214,3.7983e+05,99474,0
2215,3.7985e+05,99474,0
2216,3.7987e+05,99475,0
2217,3.7989e+05,99476,0
2218,3.7991e+05,99476,0
2219,3.7993e+05,99477,0
2220,3.7995e+05,99477,0
2221,3.7997e+05,99478,0
2222,3.7999e+05,99478,0
2223,3.8001e+05,99479,0
2224,3.8004e+05,99479,0
2225,3.8006e+05,99480,0
2226,3.8008e+05,99480,0
2227,3.801e+05,99481,0
2228,3.8012e+05,99481,0
2229,3.8014e+05,99482,0
2230,3.8016e+05,99482,0
2231,3.8018e+05,99483,0
2232,3.802e+05,99483,0
2233,3.8023e+05,99484,0
2234,3.8025e+05,99484,0
2235,3.8027e+05,99485,0
2236,3.8029e+05,99485,0
2237,3.8031e+05,99485,0
2238,3.8033e+05,99486,0
2239,3.8035e+05,99486,0
2240,3.8037e+05,99487,0
2241,3.8039e+05,99487,0
2242,3.8042e+05,99487,0
2243,3.8044e+05,99488,0
2244,3.8046e+05,99488,0
2245,3.8048e+05,99488,0
2246,3.805e+05,99489,0
2247,3.8052e+05,99489,0
2248,3.8054e+05,99490,0
2249,3.8056e+05,99490,0
2250,3.8058e+05,99490,0
2251,3.806e+05,99490,0
2252,3.8063e+05,99491,0
2253,3.8065e+05,99491,0
2254,3.8067e+05,99491,0
2255,3.8069e+05,99492,0
2256,3.8071e+05,99492,0
2257,3.8073e+05,99492,0
2258,3.8075e+05,99492,0
2259,3.8077e+05,99493,0
2260,3.8079e+05,99493,0
2261,3.8082e+05,99493,0
2262,3.8084e+05,99493,0
2263,3.8086e+05,99493,0
2264,3.8088e+05,99494,0
2265,3.809e+05,99494,0
2266,3.8092e+05,99494,0
2267,3.8094e+05,99494,0
2268,3.8096e+05,99494,0
2269,3.8098e+05,99495,0
2270,3.8101e+05,99495,0
2271,3.8103e+05,99495,0
2272,3.8105e+05,99495,0
2273,3.8107e+05,99495,0
2274,3.8109e+05,99495,0
2275,3.8111e+05,99495,0
2276,3.8113e+05,99495,0
2277,3.8115e+05,99496,0
2278,3.8117e+05,99496,0
2279,3.812e+05,99496,0
2280,3.8122e+05,99496,0
2281,3.8124e+05,99496,0
2282,3.8126e+05,99496,0
2283,3.8128e+05,99496,0
2284,3.813e+05,99496,0
2285,3.8132e+05,99496,0
2286,3.8134e+05,99496,0
2287,3.8136e+05,99496,0
2288,3.8139e+05,99496,0
2289,3.8141e+05,99496,0
2290,3.8143e+05,99496,0
2291,3.8145e+05,99496,0
2292,3.8147e+05,99496,0
2293,3.8149e+05,99496,0
2294,3.8151e+05,99496,0
2295,3.8153e+05,99496,0
2296,3.8155e+05,99496,0
2297,3.8158e+05,99496,0
2298,3.816e+05,99496,0
2299,3.8162e+05,99496,0
2300,3.8164e+05,99495,0
2301,3.8166e+05,99495,0
2302,3.8168e+05,99495,0
2303,3.817e+05,99495,0
2304,3.8172e+05,99495,0
2305,3.8174e+05,99495,0
2306,3.8177e+05,99495,0
2307,3.8179e+05,99495,0
2308,3.8181e+05,99494,0
2309,3.8183e+05,99494,0
2310,3.8185e+05,99494,0
2311,3.8187e+05,99494,0
2312,3.8189e+05,99494,0
2313,3.8191e+05,99494,0
2314,3.8194e+05,99493,0
2315,3.8196e+05,99493,0
2316,3.8198e+05,99493,0
2317,3.82e+05,99493,0
2318,3.8202e+05,99492,0
2319,3.8204e+05,99492,0
2320,3.8206e+05,99492,0
2321,3.8208e+05,99492,0
2322,3.821e+05,99491,0
2323,3.8213e+05,99491,0
2324,3.8215e+05,99491,0
2325,3.8217e+05,99491,0
2326,3.8219e+05,99490,0
2327,3.8221e+05,99490,0
2328,3.8223e+05,99490,0
2329,3.8225e+05,99489,0
2330,3.8227e+05,99489,0
2331,3.8229e+05,99489,0
2332,3.8232e+05,99488,0
2333,3.8234e+05,99488,0
2334,3.8236e+05,99487,0
2335,3.8238e+05,99487,0
2336,3.824e+05,99487,0
2337,3.8242e+05,99486,0
2338,3.8244e+05,99486,0
2339,3.8246e+05,99486,0
2340,3.8248e+05,99485,0
2341,3.8251e+05,99485,0
2342,3.8253e+05,99484,0
2343,3.8255e+05,99484,0
2344,3.8257e+05,99483,0
2345,3.8259e+05,99483,0
2346,3.8261e+05,99482,0
2347,3.8263e+05,99482,0
2348,3.8265e+05,99481,0
2349,3.8268e+05,99481,0
2350,3.827e+05,99480,0
2351,3.8272e+05,99480,0
2352,3.8274e+05,99479,0
2353,3.8276e+05,99479,0
2354,3.8278e+05,99478,0
2355,3.828e+05,99478,0
2356,3.8282e+05,99477,0
2357,3.8284e+05,99477,0
2358,3.8287e+05,99476,0
2359,3.8289e+05,99476,0
2360,3.8291e+05,99475,0
2361,3.8293e+05,99474,0
2362,3.8295e+05,99474,0
2363,3.8297e+05,99473,0
2364,3.8299e+05,99473,0
2365,3.8301e+05,99472,0
2366,3.8304e+05,99471,0
2367,3.8306e+05,99471,0
2368,3.8308e+05,99470,0
2369,3.831e+05,99469,0
2370,3.8312e+05,99469,0
2371,3.8314e+05,99468,0
2372,3.8316e+05,99467,0
2373,3.8318e+05,99467,0
2374,3.832e+05,99466,0
2375,3.8323e+05,99465,0
2376,3.8325e+05,99465,0
2377,3.8327e+05,99464,0
2378,3.8329e+05,99463,0
2379,3.8331e+05,99462,0
2380,3.8333e+05,99462,0
2381,3.8335e+05,99461,0
2382,3.8337e+05,99460,0
2383,3.834e+05,99459,0
2384,3.8342e+05,99459,0
2385,3.8344e+05,99458,0
2386,3.8346e+05,99457,0
2387,3.8348e+05,99456,0
2388,3.835e+05,99456,0
2389,3.8352e+05,99455,0
2390,3.8354e+05,99454,0
2391,3.8356e+05,99453,0
2392,3.8359e+05,99452,0
2393,3.8361e+05,99451,0
2394,3.8363e+05,99451,0
2395,3.8365e+05,99450,0
2396,3.8367e+05,99449,0
2397,3.8369e+05,99448,0
2398,3.8371e+05,99447,0
2399,3.8373e+05,99446,0
2400,3.8376e+05,99445,0
2401,3.8378e+05,99444,0
2402,3.838e+05,99443,0
2403,3.8382e+05,99442,0
2404,3.8384e+05,99442,0
2405,3.8386e+05,99441,0
2406,3.8388e+05,99440,0
2407,3.839e+05,99439,0
2408,3.8392e+05,99438,0
2409,3.8395e+05,99437,0
2410,3.8397e+05,99436,0
2411,3.8399e+05,99435,0
2412,3.8401e+05,99434,0
2413,3.8403e+05,99433,0
2414,3.8405e+05,99432,0
2415,3.8407e+05,99431,0
2416,3.8409e+05,99430,0
2417,3.8412e+05,99429,0
2418,3.8414e+05,99428,0
2419,3.8416e+05,99426,0
2420,3.8418e+05,99425,0
2421,3.842e+05,99424,0
2422,3.8422e+05,99423,0
2423,3.8424e+05,99422,0
2424,3.8426e+05,99421,0
2425,3.8429e+05,99420,0
2426,3.8431e+05,99419,0
2427,3.8433e+05,99418,0
2428,3.8435e+05,99417,0
2429,3.8437e+05,99415,0
2430,3.8439e+05,99414,0
2431,3.8441e+05,99413,0
2432,3.8443e+05,99412,0
2433,3.8445e+05,99411,0
2434,3.8448e+05,99410,0
2435,3.845e+05,99408,0
2436,3.8452e+05,99407,0
2437,3.8454e+05,99406,0
2438,3.8456e+05,99405,0
2439,3.8458e+05,99404,0
2440,3.846e+05,99402,0
2441,3.8462e+05,99401,0
2442,3.8465e+05,99400,0
2443,3.8467e+05,99399,0
2444,3.8469e+05,99397,0
2445,3.8471e+05,99396,0
2446,3.8473e+05,99395,0
2447,3.8475e+05,99394,0
2448,3.8477e+05,99392,0
2449,3.8479e+05,99391,0
2450,3.8482e+05,99390,0
2451,3.8484e+05,99388,0
2452,3.8486e+05,99387,0
2453,3.8488e+05,99386,0
2454,3.849e+05,99384,0
2455,3.8492e+05,99383,0
2456,3.8494e+05,99382,0
2457,3.8496e+05,99380,0
2458,3.8499e+05,99379,0
2459,3.8501e+05,99378,0
2460,3.8503e+05,99376,0
2461,3.8505e+05,99375,0
2462,3.8507e+05,99373,0
2463,3.8509e+05,99372,0
2464,3.8511e+05,99370,0
2465,3.8513e+05,99369,0
2466,3.8515e+05,99368,0
2467,3.8518e+05,99366,0
2468,3.852e+05,99365,0
2469,3.8522e+05,99363,0
2470,3.8524e+05,99362,0
2471,3.8526e+05,99360,0
2472,3.8528e+05,99359,0
2473,3.853e+05,99357,0
2474,3.8532e+05,99356,0
2475,3.8535e+05,99354,0
2476,3.8537e+05,99353,0
2477,3.8539e+05,99351,0
2478,3.8541e+05,99350,0
2479,3.8543e+05,99348,0
2480,3.8545e+05,99347,0
2481,3.8547e+05,99345,0
2482,3.8549e+05,99343,0
2483,3.8552e+05,99342,0
2484,3.8554e+05,99340,0
2485,3.8556e+05,99339,0
2486,3.8558e+05,99337,0
2487,3.856e+05,99336,0
2488,3.8562e+05,99334,0
2489,3.8564e+05,99332,0
2490,3.8566e+05,99331,0
2491,3.8569e+05,99329,0
2492,3.8571e+05,99327,0
2493,3.8573e+05,99326,0
2494,3.8575e+05,99324,0
2495,3.8577e+05,99322,0
2496,3.8579e+05,99321,0
2497,3.8581e+05,99319,0
2498,3.8583e+05,99317,0
2499,3.8586e+05,99316,0
2500,3.8588e+05,99314,0
2501,3.859e+05,99312,0
2502,3.8592e+05,99310,0
2503,3.8594e+05,99309,0
2504,3.8596e+05,99307,0
2505,3.8598e+05,99305,0
2506,3.86e+05,99303,0
2507,3.8603e+05,99302,0
2508,3.8605e+05,99300,0
2509,3.8607e+05,99298,0
2510,3.8609e+05,99296,0
2511,3.8611e+05,99294,0
2512,3.8613e+05,99293,0
2513,3.8615e+05,99291,0
2514,3.8617e+05,99289,0
2515,3.862e+05,99287,0
2516,3.8622e+05,99285,0
2517,3.8624e+05,99283,0
2518,3.8626e+05,99282,0
2519,3.8628e+05,99280,0
2520,3.863e+05,99278,0
2521,3.8632e+05,99276,0
2522,3.8634e+05,99274,0
2523,3.8637e+05,99272,0
2524,3.8639e+05,99270,0
2525,3.8641e+05,99268,0
2526,3.8643e+05,99266,0
2527,3.8645e+05,99265,0
2528,3.8647e+05,99263,0
2529,3.8649e+05,99261,0
2530,3.8651e+05,99259,0
2531,3.8654e+05,99257,0
2532,3.8656e+05,99255,0
2533,3.8658e+05,99253,0
2534,3.866e+05,99251,0
2535,3.8662e+05,99249,0
2536,3.8664e+05,99247,0
2537,3.8666e+05,99245,0
2538,3.8668e+05,99243,0
2539,3.8671e+05,99241,0
2540,3.8673e+05,99239,0
2541,3.8675e+05,99237,0
2542,3.8677e+05,99235,0
2543,3.8679e+05,99232,0
2544,3.8681e+05,99230,0
2545,3.8683e+05,99228,0
2546,3.8685e+05,99226,0
2547,3.8688e+05,99224,0
2548,3.869e+05,99222,0
2549,3.8692e+05,99220,0
2550,3.8694e+05,99218,0
2551,3.8696e+05,99216,0
2552,3.8698e+05,99214,0
2553,3.87e+05,99211,0
2554,3.8702e+05,99209,0
2555,3.8705e+05,99207,0
2556,3.8707e+05,99205,0
2557,3.8709e+05,99203,0
2558,3.8711e+05,99201,0
2559,3.8713e+05,99198,0
2560,3.8715e+05,99196,0
2561,3.8717e+05,99194,0
2562,3.8719e+05,99192,0
2563,3.8722e+05,99190,0
2564,3.8724e+05,99187,0
2565,3.8726e+05,99185,0
2566,3.8728e+05,99183,0
2567,3.873e+05,99181,0
2568,3.8732e+05,99178,0
2569,3.8734e+05,99176,0
2570,3.8736e+05,99174,0
2571,3.8739e+05,99171,0
2572,3.8741e+05,99169,0
2573,3.8743e+05,99167,0
2574,3.8745e+05,99165,0
2575,3.8747e+05,99162,0
2576,3.8749e+05,99160,0
2577,3.8751e+05,99158,0
2578,3.8753e+05,99155,0
2579,3.8756e+05,99153,0
2580,3.8758e+05,99150,0
2581,3.876e+05,99148,0
2582,3.8762e+05,99146,0
2583,3.8764e+05,99143,0
2584,3.8766e+05,99141,0
2585,3.8768e+05,99139,0
2586,3.877e+05,99136,0
2587,3.8773e+05,99134,0
2588,3.8775e+05,99131,0
2589,3.8777e+05,99129,0
2590,3.8779e+05,99126,0
2591,3.8781e+05,99124,0
2592,3.8783e+05,99122,0
2593,3.8785e+05,99119,0
2594,3.8787e+05,99117,0
2595,3.879e+05,99114,0
2596,3.8792e+05,99112,0
2597,3.8794e+05,99109,0
2598,3.8796e+05,99107,0
2599,3.8798e+05,99104,0
2600,3.88e+05,99102,0
2601,3.8802e+05,99099,0
2602,3.8804e+05,99096,0
2603,3.8807e+05,99094,0
2604,3.8809e+05,99091,0
2605,3.8811e+05,99089,0
2606,3.8813e+05,99086,0
2607,3.8815e+05,99084,0
2608,3.8817e+05,99081,0
2609,3.8819e+05,99078,0
2610,3.8821e+05,99076,0
2611,3.8824e+05,99073,0
2612,3.8826e+05,99071,0
2613,3.8828e+05,99068,0
2614,3.883e+05,99065,0
2615,3.8832e+05,99063,0
2616,3.8834e+05,99060,0
2617,3.8836e+05,99057,0
2618,3.8838e+05,99055,0
2619,3.8841e+05,99052,0
2620,3.8843e+05,99049,0
2621,3.8845e+05,99047,0
2622,3.8847e+05,99044,0
2623,3.8849e+05,99041,0
2624,3.8851e+05,99039,0
2625,3.8853e+05,99036,0
2626,3.8855e+05,99033,0
2627,3.8858e+05,99030,0
2628,3.886e+05,99028,0
2629,3.8862e+05,99025,0
2630,3.8864e+05,99022,0
2631,3.8866e+05,99019,0
2632,3.8868e+05,99017,0
2633,3.887e+05,99014,0
2634,3.8873e+05,99011,0
2635,3.8875e+05,99008,0
2636,3.8877e+05,99005,0
2637,3.8879e+05,99003,0
2638,3.8881e+05,99000,0
2639,3.8883e+05,98997,0
2640,3.8885e+05,98994,0
2641,3.8887e+05,98991,0
2642,3.889e+05,98988,0
2643,3.8892e+05,98985,0
2644,3.8894e+05,98983,0
2645,3.8896e+05,98980,0
2646,3.8898e+05,98977,0
2647,3.89e+05,98974,0
2648,3.8902e+05,98971,0
2649,3.8904e+05,98968,0
2650,3.8907e+05,98965,0
2651,3.8909e+05,98962,0
2652,3.8911e+05,98959,0
2653,3.8913e+05,98956,0
2654,3.8915e+05,98953,0
2655,3.8917e+05,98950,0
2656,3.8919e+05,98947,0
2657,3.8921e+05,98944,0
2658,3.8924e+05,98941,0
2659,3.8926e+05,98938,0
2660,3.8928e+05,98935,0
2661,3.893e+05,98932,0
2662,3.8932e+05,98929,0
2663,3.8934e+05,98926,0
2664,3.8936e+05,98923,0
2665,3.8938e+05,98920,0
2666,3.8941e+05,98917,0
2667,3.8943e+05,98914,0
2668,3.8945e+05,98911,0
2669,3.8947e+05,98908,0
2670,3.8949e+05,98905,0
2671,3.8951e+05,98902,0
2672,3.8953e+05,98899,0
2673,3.8955e+05,98896,0
2674,3.8958e+05,98892,0
2675,3.896e+05,98889,0
2676,3.8962e+05,98886,0
2677,3.8964e+05,98883,0
2678,3.8966e+05,98880,0
2679,3.8968e+05,98877,0
2680,3.897e+05,98874,0
2681,3.8973e+05,98870,0
2682,3.8975e+05,98867,0
2683,3.8977e+05,98864,0
2684,3.8979e+05,98861,0
2685,3.8981e+05,98858,0
2686,3.8983e+05,98854,0
2687,3.8985e+05,98851,0
2688,3.8987e+05,98848,0
2689,3.899e+05,98845,0
2690,3.8992e+05,98841,0
2691,3.8994e+05,98838,0
2692,3.8996e+05,98835,0
2693,3.8998e+05,98832,0
2694,3.9e+05,98828,0
2695,3.9002e+05,98825,0
2696,3.9004e+05,98822,0
2697,3.9007e+05,98818,0
2698,3.9009e+05,98815,0
2699,3.9011e+05,98812,0
2700,3.9013e+05,98808,0
2701,3.9015e+05,98805,0
2702,3.9017e+05,98802,0
2703,3.9019e+05,98798,0
2704,3.9021e+05,98795,0
2705,3.9024e+05,98792,0
2706,3.9026e+05,98788,0
2707,3.9028e+05,98785,0
2708,3.903e+05,98782,0
2709,3.9032e+05,98778,0
2710,3.9034e+05,98775,0
2711,3.9036e+05,98771,0
2712,3.9038e+05,98768,0
2713,3.9041e+05,98764,0
2714,3.9043e+05,98761,0
2715,3.9045e+05,98758,0
2716,3.9047e+05,98754,0
2717,3.9049e+05,98751,0
2718,3.9051e+05,98747,0
2719,3.9053e+05,98744,0
2720,3.9056e+05,98740,0
2721,3.9058e+05,98737,0
2722,3.906e+05,98733,0
2723,3.9062e+05,98730,0
2724,3.9064e+05,98726,0
2725,3.9066e+05,98723,0
2726,3.9068e+05,98719,0
2727,3.907e+05,98716,0
2728,3.9073e+05,98712,0
2729,3.9075e+05,98708,0
2730,3.9077e+05,98705,0
2731,3.9079e+05,98701,0
2732,3.9081e+05,98698,0
2733,3.9083e+05,98694,0
2734,3.9085e+05,98690,0
2735,3.9087e+05,98687,0
2736,3.909e+05,98683,0
2737,3.9092e+05,98680,0
2738,3.9094e+05,98676,0
2739,3.9096e+05,98672,0
2740,3.9098e+05,98669,0
2741,3.91e+05,98665,0
2742,3.9102e+05,98661,0
2743,3.9104e+05,98658,0
2744,3.9107e+05,98654,0
2745,3.9109e+05,98650,0
2746,3.9111e+05,98647,0
2747,3.9113e+05,98643,0
2748,3.9115e+05,98639,0
2749,3.9117e+05,98635,0
2750,3.9119e+05,98632,0
2751,3.9122e+05,98628,0
2752,3.9124e+05,98624,0
2753,3.9126e+05,98620,0
2754,3.9128e+05,98617,0
2755,3.913e+05,98613,0
2756,3.9132e+05,98609,0
2757,3.9134e+05,98605,0
2758,3.9136e+05,98602,0
2759,3.9139e+05,98598,0
2760,3.9141e+05,98594,0
2761,3.9143e+05,98590,0
2762,3.9145e+05,98586,0
2763,3.9147e+05,98582,0
2764,3.9149e+05,98579,0
2765,3.9151e+05,98575,0
2766,3.9153e+05,98571,0
2767,3.9156e+05,98567,0
2768,3.9158e+05,98563,0
2769,3.916e+05,98559,0
2770,3.9162e+05,98555,0
2771,3.9164e+05,98551,0
2772,3.9166e+05,98548,0
2773,3.9168e+05,98544,0
2774,3.917e+05,98540,0
2775,3.9173e+05,98536,0
2776,3.9175e+05,98532,0
2777,3.9177e+05,98528,0
2778,3.9179e+05,98524,0
2779,3.9181e+05,98520,0
2780,3.9183e+05,98516,0
2781,3.9185e+05,98512,0
2782,3.9187e+05,98508,0
2783,3.919e+05,98504,0
2784,3.9192e+05,98500,0
2785,3.9194e+05,98496,0
2786,3.9196e+05,98492,0
2787,3.9198e+05,98488,0
2788,3.92e+05,98484,0
2789,3.9202e+05,98480,0
2790,3.9205e+05,98476,0
2791,3.9207e+05,98472,0
2792,3.9209e+05,98468,0
2793,3.9211e+05,98464,0
2794,3.9213e+05,98460,0
2795,3.9215e+05,98455,0
2796,3.9217e+05,98451,0
2797,3.9219e+05,98447,0
2798,3.9222e+05,98443,0
2799,3.9224e+05,98439,0
2800,3.9226e+05,98435,0
2801,3.9228e+05,98431,0
2802,3.923e+05,98427,0
2803,3.9232e+05,98422,0
2804,3.9234e+05,98418,0
2805,3.9236e+05,98414,0
2806,3.9239e+05,98410,0
2807,3.9241e+05,98406,0
2808,3.9243e+05,98401,0
2809,3.9245e+05,98397,0
2810,3.9247e+05,98393,0
2811,3.9249e+05,98389,0
2812,3.9251e+05,98385,0
2813,3.9253e+05,98380,0
2814,3.9256e+05,98376,0
2815,3.9258e+05,98372,0
2816,3.926e+05,98368,0
2817,3.9262e+05,98363,0
2818,3.9264e+05,98359,0
2819,3.9266e+05,98355,0
2820,3.9268e+05,98350,0
2821,3.927e+05,98346,0
2822,3.9273e+05,98342,0
2823,3.9275e+05,98338,0
2824,3.9277e+05,98333,0
2825,3.9279e+05,98329,0
2826,3.9281e+05,98325,0
2827,3.9283e+05,98320,0
2828,3.9285e+05,98316,0
2829,3.9288e+05,98311,0
2830,3.929e+05,98307,0
2831,3.9292e+05,98303,0
2832,3.9294e+05,98298,0
2833,3.9296e+05,98294,0
2834,3.9298e+05,98290,0
2835,3.93e+05,98285,0
2836,3.9302e+05,98281,0
2837,3.9305e+05,98276,0
2838,3.9307e+05,98272,0
2839,3.9309e+05,98267,0
2840,3.9311e+05,98263,0
2841,3.9313e+05,98258,0
2842,3.9315e+05,98254,0
2843,3.9317e+05,98249,0
2844,3.9319e+05,98245,0
2845,3.9322e+05,98240,0
2846,3.9324e+05,98236,0
2847,3.9326e+05,98231,0
2848,3.9328e+05,98227,0
2849,3.933e+05,98222,0
2850,3.9332e+05,98218,0
2851,3.9334e+05,98213,0
2852,3.9336e+05,98209,0
2853,3.9339e+05,98204,0
2854,3.9341e+05,98200,0
2855,3.9343e+05,98195,0
2856,3.9345e+05,98191,0
2857,3.9347e+05,98186,0
2858,3.9349e+05,98181,0
2859,3.9351e+05,98177,0
2860,3.9353e+05,98172,0
2861,3.9356e+05,98167,0
2862,3.9358e+05,98163,0
2863,3.936e+05,98158,0
2864,3.9362e+05,98154,0
2865,3.9364e+05,98149,0
2866,3.9366e+05,98144,0
2867,3.9368e+05,98140,0
2868,3.937e+05,98135,0
2869,3.9373e+05,98130,0
2870,3.9375e+05,98125,0
2871,3.9377e+05,98121,0
2872,3.9379e+05,98116,0
2873,3.9381e+05,98111,0
2874,3.9383e+05,98107,0
2875,3.9385e+05,98102,0
2876,3.9388e+05,98097,0
2877,3.939e+05,98092,0
2878,3.9392e+05,98088,0
2879,3.9394e+05,98083,0
2880,3.9396e+05,98078,0
2881,3.9398e+05,98073,0
2882,3.94e+05,98069,0
2883,3.9402e+05,98064,0
2884,3.9405e+05,98059,0
2885,3.9407e+05,98054,0
2886,3.9409e+05,98049,0
2887,3.9411e+05,98044,0
2888,3.9413e+05,98040,0
2889,3.9415e+05,98035,0
2890,3.9417e+05,98030,0
2891,3.9419e+05,98025,0
2892,3.9422e+05,98020,0
2893,3.9424e+05,98015,0
2894,3.9426e+05,98010,0
2895,3.9428e+05,98005,0
2896,3.943e+05,98001,0
2897,3.9432e+05,97996,0
2898,3.9434e+05,97991,0
2899,3.9436e+05,97986,0
2900,3.9439e+05,97981,0
2901,3.9441e+05,97976,0
2902,3.9443e+05,97971,0
2903,3.9445e+05,97966,0
2904,3.9447e+05,97961,0
2905,3.9449e+05,97956,0
2906,3.9451e+05,97951,0
2907,3.9453e+05,97946,0
2908,3.9456e+05,97941,0
2909,3.9458e+05,97936,0
2910,3.946e+05,97931,0
2911,3.9462e+05,97926,0
2912,3.9464e+05,97921,0
2913,3.9466e+05,97916,0
2914,3.9468e+05,97911,0
2915,3.947e+05,97906,0
2916,3.9473e+05,97901,0
2917,3.9475e+05,97896,0
2918,3.9477e+05,97891,0
2919,3.9479e+05,97886,0
2920,3.9481e+05,97880,0
2921,3.9483e+05,97875,0
2922,3.9485e+05,97870,0
2923,3.9487e+05,97865,0
2924,3.949e+05,97860,0
2925,3.9492e+05,97855,0
2926,3.9494e+05,97850,0
2927,3.9496e+05,97845,0
2928,3.9498e+05,97839,0
2929,3.95e+05,97834,0
2930,3.9502e+05,97829,0
2931,3.9504e+05,97824,0
2932,3.9507e+05,97819,0
2933,3.9509e+05,97813,0
2934,3.9511e+05,97808,0
2935,3.9513e+05,97803,0
2936,3.9515e+05,97798,0
2937,3.9517e+05,97793,0
2938,3.9519e+05,97787,0
2939,3.9521e+05,97782,0
2940,3.9524e+05,97777,0
2941,3.9526e+05,97772,0
2942,3.9528e+05,97766,0
2943,3.953e+05,97761,0
2944,3.9532e+05,97756,0
2945,3.9534e+05,97750,0
2946,3.9536e+05,97745,0
2947,3.9538e+05,97740,0
2948,3.9541e+05,97735,0
2949,3.9543e+05,97729,0
2950,3.9545e+05,97724,0
2951,3.9547e+05,97719,0
2952,3.9549e+05,97713,0
2953,3.9551e+05,97708,0
2954,3.9553e+05,97702,0
2955,3.9555e+05,97697,0
2956,3.9558e+05,97692,0
2957,3.956e+05,97686,0
2958,3.9562e+05,97681,0
2959,3.9564e+05,97675,0
2960,3.9566e+05,97670,0
2961,3.9568e+05,97665,0
2962,3.957e+05,97659,0
2963,3.9572e+05,97654,0
2964,3.9575e+05,97648,0
2965,3.9577e+05,97643,0
2966,3.9579e+05,97637,0
2967,3.9581e+05,97632,0
2968,3.9583e+05,97626,0
2969,3.9585e+05,97621,0
2970,3.9587e+05,97615,0
2971,3.9589e+05,97610,0
2972,3.9592e+05,97604,0
2973,3.9594e+05,97599,0
2974,3.9596e+05,97593,0
2975,3.9598e+05,97588,0
2976,3.96e+05,97582,0
2977,3.9602e+05,97577,0
2978,3.9604e+05,97571,0
2979,3.9606e+05,97566,0
2980,3.9609e+05,97560,0
2981,3.9611e+05,97554,0
2982,3.9613e+05,97549,0
2983,3.9615e+05,97543,0
2984,3.9617e+05,97538,0
2985,3.9619e+05,97532,0
2986,3.9621e+05,97526,0
2987,3.9623e+05,97521,0
2988,3.9626e+05,97515,0
2989,3.9628e+05,97509,0
2990,3.963e+05,97504,0
2991,3.9632e+05,97498,0
2992,3.9634e+05,97493,0
2993,3.9636e+05,97487,0
2994,3.9638e+05,97481,0
2995,3.964e+05,97475,0
2996,3.9643e+05,97470,0
2997,3.9645e+05,97464,0
2998,3.9647e+05,97458,0
2999,3.9649e+05,97453,0
3000,3.9651e+05,97447,0
3001,3.9653e+05,97441,0
3002,3.9655e+05,97435,0
3003,3.9657e+05,97430,0
3004,3.966e+05,97424,0
3005,3.9662e+05,97418,0
3006,3.9664e+05,97412,0
3007,3.9666e+05,97406,0
3008,3.9668e+05,97401,0
3009,3.967e+05,97395,0
3010,3.9672e+05,97389,0
3011,3.9674e+05,97383,0
3012,3.9677e+05,97377,0
3013,3.9679e+05,97372,0
3014,3.9681e+05,97366,0
3015,3.9683e+05,97360,0
3016,3.9685e+05,97354,0
3017,3.9687e+05,97348,0
3018,3.9689e+05,97342,0
3019,3.9691e+05,97336,0
3020,3.9693e+05,97330,0
3021,3.9696e+05,97325,0
3022,3.9698e+05,97319,0
3023,3.97e+05,97313,0
3024,3.9702e+05,97307,0
3025,3.9704e+05,97301,0
3026,3.9706e+05,97295,0
3027,3.9708e+05,97289,0
3028,3.971e+05,97283,0
3029,3.9713e+05,97277,0
3030,3.9715e+05,97271,0
3031,3.9717e+05,97265,0
3032,3.9719e+05,97259,0
3033,3.9721e+05,97253,0
3034,3.9723e+05,97247,0
3035,3.9725e+05,97241,0
3036,3.9727e+05,97235,0
3037,3.973e+05,97229,0
3038,3.9732e+05,97223,0
3039,3.9734e+05,97217,0
3040,3.9736e+05,97211,0
3041,3.9738e+05,97205,0
3042,3.974e+05,97199,0
3043,3.9742e+05,97193,0
3044,3.9744e+05,97187,0
3045,3.9747e+05,97180,0
3046,3.9749e+05,97174,0
3047,3.9751e+05,97168,0
3048,3.9753e+05,97162,0
3049,3.9755e+05,97156,0
3050,3.9757e+05,97150,0
3051,3.9759e+05,97144,0
3052,3.9761e+05,97138,0
3053,3.9764e+05,97131,0
3054,3.9766e+05,97125,0
3055,3.9768e+05,97119,0
3056,3.977e+05,97113,0
3057,3.9772e+05,97107,0
3058,3.9774e+05,97101,0
3059,3.9776e+05,97094,0
3060,3.9778e+05,97088,0
3061,3.978e+05,97082,0
3062,3.9783e+05,97076,0
3063,3.9785e+05,97069,0
3064,3.9787e+05,97063,0
3065,3.9789e+05,97057,0
3066,3.9791e+05,97051,0
3067,3.9793e+05,97044,0
3068,3.9795e+05,97038,0
3069,3.9797e+05,97032,0
3070,3.98e+05,97026,0
3071,3.9802e+05,97019,0
3072,3.9804e+05,97013,0
3073,3.9806e+05,97007,0
3074,3.9808e+05,97000,0
3075,3.981e+05,96994,0
3076,3.9812e+05,96988,0
3077,3.9814e+05,96981,0
3078,3.9817e+05,96975,0
3079,3.9819e+05,96969,0
3080,3.9821e+05,96962,0
3081,3.9823e+05,96956,0
3082,3.9825e+05,96949,0
3083,3.9827e+05,96943,0
3084,3.9829e+05,96937,0
3085,3.9831e+05,96930,0
3086,3.9833e+05,96924,0
3087,3.9836e+05,96917,0
3088,3.9838e+05,96911,0
3089,3.984e+05,96904,0
3090,3.9842e+05,96898,0
3091,3.9844e+05,96892,0
3092,3.9846e+05,96885,0
3093,3.9848e+05,96879,0
3094,3.985e+05,96872,0
3095,3.9853e+05,96866,0
3096,3.9855e+05,96859,0
3097,3.9857e+05,96853,0
3098,3.9859e+05,96846,0
3099,3.9861e+05,96840,0
3100,3.9863e+05,96833,0
3101,3.9865e+05,96827,0
3102,3.9867e+05,96820,0
3103,3.9869e+05,96813,0
3104,3.9872e+05,96807,0
3105,3.9874e+05,96800,0
3106,3.9876e+05,96794,0
3107,3.9878e+05,96787,0
3108,3.988e+05,96781,0
3109,3.9882e+05,96774,0
3110,3.9884e+05,96767,0
3111,3.9886e+05,96761,0
3112,3.9889e+05,96754,0
3113,3.9891e+05,96747,0
3114,3.9893e+05,96741,0
3115,3.9895e+05,96734,0
3116,3.9897e+05,96727,0
3117,3.9899e+05,96721,0
3118,3.9901e+05,96714,0
3119,3.9903e+05,96707,0
3120,3.9905e+05,96701,0
3121,3.9908e+05,96694,0
3122,3.991e+05,96687,0
3123,3.9912e+05,96681,0
3124,3.9914e+05,96674,0
3125,3.9916e+05,96667,0
3126,3.9918e+05,96660,0
3127,3.992e+05,96654,0
3128,3.9922e+05,96647,0
3129,3.9925e+05,96640,0
3130,3.9927e+05,96633,0
3131,3.9929e+05,96627,0
3132,3.9931e+05,96620,0
3133,3.9933e+05,96613,0
3134,3.9935e+05,96606,0
3135,3.9937e+05,96599,0
3136,3.9939e+05,96593,0
3137,3.9941e+05,96586,0
3138,3.9944e+05,96579,0
3139,3.9946e+05,96572,0
3140,3.9948e+05,96565,0
3141,3.995e+05,96558,0
3142,3.9952e+05,96552,0
3143,3.9954e+05,96545,0
3144,3.9956e+05,96538,0
3145,3.9958e+05,96531,0
3146,3.996e+05,96524,0
3147,3.9963e+05,96517,0
3148,3.9965e+05,96510,0
3149,3.9967e+05,96503,0
3150,3.9969e+05,96496,0
3151,3.9971e+05,96489,0
3152,3.9973e+05,96482,0
3153,3.9975e+05,96476,0
3154,3.9977e+05,96469,0
3155,3.998e+05,96462,0
3156,3.9982e+05,96455,0
3157,3.9984e+05,96448,0
3158,3.9986e+05,96441,0
3159,3.9988e+05,96434,0
3160,3.999e+05,96427,0
3161,3.9992e+05,96420,0
3162,3.9994e+05,96413,0
3163,3.9996e+05,96406,0
3164,3.9999e+05,96399,0
3165,4.0001e+05,96391,0
3166,4.0003e+05,96384,0
3167,4.0005e+05,96377,0
3168,4.0007e+05,96370,0
3169,4.0009e+05,96363,0
3170,4.0011e+05,96356,0
3171,4.0013e+05,96349,0
3172,4.0015e+05,96342,0
3173,4.0018e+05,96335,0
3174,4.002e+05,96328,0
3175,4.0022e+05,96321,0
3176,4.0024e+05,96313,0
3177,4.0026e+05,96306,0
3178,4.0028e+05,96299,0
3179,4.003e+05,96292,0
3180,4.0032e+05,96285,0
3181,4.0034e+05,96278,0
3182,4.0037e+05,96270,0
3183,4.0039e+05,96263,0
3184,4.0041e+05,96256,0
3185,4.0043e+05,96249,0
3186,4.0045e+05,96242,0
3187,4.0047e+05,96234,0
3188,4.0049e+05,96227,0
3189,4.0051e+05,96220,0
3190,4.0053e+05,96213,0
3191,4.0056e+05,96205,0
3192,4.0058e+05,96198,0
3193,4.006e+05,96191,0
3194,4.0062e+05,96184,0
3195,4.0064e+05,96176,0
3196,4.0066e+05,96169,0
3197,4.0068e+05,96162,0
3198,4.007e+05,96154,0
3199,4.0072e+05,96147,0
3200,4.0075e+05,96140,0
3201,4.0077e+05,96133,0
3202,4.0079e+05,96125,0
3203,4.0081e+05,96118,0
3204,4.0083e+05,96110,0
3205,4.0085e+05,96103,0
3206,4.0087e+05,96096,0
3207,4.0089e+05,96088,0
3208,4.0091e+05,96081,0
3209,4.0094e+05,96074,0
3210,4.0096e+05,96066,0
3211,4.0098e+05,96059,0
3212,4.01e+05,96051,0
3213,4.0102e+05,96044,0
3214,4.0104e+05,96036,0
3215,4.0106e+05,96029,0
3216,4.0108e+05,96022,0
3217,4.011e+05,96014,0
3218,4.0113e+05,96007,0
3219,4.0115e+05,95999,0
3220,4.0117e+05,95992,0
3221,4.0119e+05,95984,0
3222,4.0121e+05,95977,0
3223,4.0123e+05,95969,0
3224,4.0125e+05,95962,0
3225,4.0127e+05,95954,0
3226,4.0129e+05,95947,0
3227,4.0132e+05,95939,0
3228,4.0134e+05,95932,0
3229,4.0136e+05,95924,0
3230,4.0138e+05,95916,0
3231,4.014e+05,95909,0
3232,4.0142e+05,95901,0
3233,4.0144e+05,95894,0
3234,4.0146e+05,95886,0
3235,4.0148e+05,95879,0
3236,4.0151e+05,95871,0
3237,4.0153e+05,95863,0
3238,4.0155e+05,95856,0
3239,4.0157e+05,95848,0
3240,4.0159e+05,95840,0
3241,4.0161e+05,95833,0
3242,4.0163e+05,95825,0
3243,4.0165e+05,95817,0
3244,4.0167e+05,95810,0
3245,4.017e+05,95802,0
3246,4.0172e+05,95794,0
3247,4.0174e+05,95787,0
3248,4.0176e+05,95779,0
3249,4.0178e+05,95771,0
3250,4.018e+05,95764,0
3251,4.0182e+05,95756,0
3252,4.0184e+05,95748,0
3253,4.0186e+05,95740,0
3254,4.0189e+05,95733,0
3255,4.0191e+05,95725,0
3256,4.0193e+05,95717,0
3257,4.0195e+05,95709,0
3258,4.0197e+05,95702,0
3259,4.0199e+05,95694,0
3260,4.0201e+05,95686,0
3261,4.0203e+05,95678,0
3262,4.0205e+05,95670,0
3263,4.0207e+05,95663,0
3264,4.021e+05,95655,0
3265,4.0212e+05,95647,0
3266,4.0214e+05,95639,0
3267,4.0216e+05,95631,0
3268,4.0218e+05,95623,0
3269,4.022e+05,95615,0
3270,4.0222e+05,95608,0
3271,4.0224e+05,95600,0
3272,4.0226e+05,95592,0
3273,4.0229e+05,95584,0
3274,4.0231e+05,95576,0
3275,4.0233e+05,95568,0
3276,4.0235e+05,95560,0
3277,4.0237e+05,95552,0
3278,4.0239e+05,95544,0
3279,4.0241e+05,95536,0
3280,4.0243e+05,95528,0
3281,4.0245e+05,95520,0
3282,4.0247e+05,95512,0
3283,4.025e+05,95504,0
3284,4.0252e+05,95496,0
3285,4.0254e+05,95488,0
3286,4.0256e+05,95480,0
3287,4.0258e+05,95472,0
3288,4.026e+05,95464,0
3289,4.0262e+05,95456,0
3290,4.0264e+05,95448,0
3291,4.0266e+05,95440,0
3292,4.0269e+05,95432,0
3293,4.0271e+05,95424,0
3294,4.0273e+05,95416,0
3295,4.0275e+05,95408,0
3296,4.0277e+05,95400,0
3297,4.0279e+05,95392,0
3298,4.0281e+05,95384,0
3299,4.0283e+05,95376,0
3300,4.0285e+05,95368,0
3301,4.0287e+05,95360,0
3302,4.029e+05,95351,0
3303,4.0292e+05,95343,0
3304,4.0294e+05,95335,0
3305,4.0296e+05,95327,0
3306,4.0298e+05,95319,0
3307,4.03e+05,95311,0
3308,4.0302e+05,95302,0
3309,4.0304e+05,95294,0
3310,4.0306e+05,95286,0
3311,4.0308e+05,95278,0
3312,4.0311e+05,95270,0
3313,4.0313e+05,95261,0
3314,4.0315e+05,95253,0
3315,4.0317e+05,95245,0
3316,4.0319e+05,95237,0
3317,4.0321e+05,95229,0
3318,4.0323e+05,95220,0
3319,4.0325e+05,95212,0
3320,4.0327e+05,95204,0
3321,4.0329e+05,95195,0
3322,4.0332e+05,95187,0
3323,4.0334e+05,95179,0
3324,4.0336e+05,95171,0
3325,4.0338e+05,95162,0
3326,4.034e+05,95154,0
3327,4.0342e+05,95146,0
3328,4.0344e+05,95137,0
3329,4.0346e+05,95129,0
3330,4.0348e+05,95121,0
3331,4.035e+05,95112,0
3332,4.0353e+05,95104,0
3333,4.0355e+05,95096,0
3334,4.0357e+05,95087,0
3335,4.0359e+05,95079,0
3336,4.0361e+05,95070,0
3337,4.0363e+05,95062,0
3338,4.0365e+05,95054,0
3339,4.0367e+05,95045,0
3340,4.0369e+05,95037,0
3341,4.0371e+05,95028,0
3342,4.0374e+05,95020,0
3343,4.0376e+05,95011,0
3344,4.0378e+05,95003,0
3345,4.038e+05,94994,0
3346,4.0382e+05,94986,0
3347,4.0384e+05,94977,0
3348,4.0386e+05,94969,0
3349,4.0388e+05,94961,0
3350,4.039e+05,94952,0
3351,4.0392e+05,94943,0
3352,4.0395e+05,94935,0
3353,4.0397e+05,94926,0
3354,4.0399e+05,94918,0
3355,4.0401e+05,94909,0
3356,4.0403e+05,94901,0
3357,4.0405e+05,94892,0
3358,4.0407e+05,94884,0
3359,4.0409e+05,94875,0
3360,4.0411e+05,94867,0
3361,4.0413e+05,94858,0
3362,4.0416e+05,94849,0
3363,4.0418e+05,94841,0
3364,4.042e+05,94832,0
3365,4.0422e+05,94823,0
3366,4.0424e+05,94815,0
3367,4.0426e+05,94806,0
3368,4.0428e+05,94798,0
3369,4.043e+05,94789,0
3370,4.0432e+05,94780,0
3371,4.0434e+05,94772,0
3372,4.0436e+05,94763,0
3373,4.0439e+05,94754,0
3374,4.0441e+05,94746,0
3375,4.0443e+05,94737,0
3376,4.0445e+05,94728,0
3377,4.0447e+05,94719,0
3378,4.0449e+05,94711,0
3379,4.0451e+05,94702,0
3380,4.0453e+05,94693,0
3381,4.0455e+05,94684,0
3382,4.0457e+05,94676,0
3383,4.046e+05,94667,0
3384,4.0462e+05,94658,0
3385,4.0464e+05,94649,0
3386,4.0466e+05,94641,0
3387,4.0468e+05,94632,0
3388,4.047e+05,94623,0
3389,4.0472e+05,94614,0
3390,4.0474e+05,94605,0
3391,4.0476e+05,94597,0
3392,4.0478e+05,94588,0
3393,4.048e+05,94579,0
3394,4.0483e+05,94570,0
3395,4.0485e+05,94561,0
3396,4.0487e+05,94552,0
3397,4.0489e+05,94543,0
3398,4.0491e+05,94535,0
3399,4.0493e+05,94526,0
3400,4.0495e+05,94517,0
3401,4.0497e+05,94508,0
3402,4.0499e+05,94499,0
3403,4.0501e+05,94490,0
3404,4.0504e+05,94481,0
3405,4.0506e+05,94472,0
3406,4.0508e+05,94463,0
3407,4.051e+05,94454,0
3408,4.0512e+05,94445,0
3409,4.0514e+05,94436,0
3410,4.0516e+05,94427,0
3411,4.0518e+05,94418,0
3412,4.052e+05,94409,0
3413,4.0522e+05,94400,0
3414,4.0524e+05,94391,0
3415,4.0527e+05,94382,0
3416,4.0529e+05,94373,0
3417,4.0531e+05,94364,0
3418,4.0533e+05,94355,0
3419,4.0535e+05,94346,0
3420,4.0537e+05,94337,0
3421,4.0539e+05,94328,0
3422,4.0541e+05,94319,0
3423,4.0543e+05,94310,0
3424,4.0545e+05,94301,0
3425,4.0547e+05,94292,0
3426,4.055e+05,94283,0
3427,4.0552e+05,94274,0
3428,4.0554e+05,94265,0
3429,4.0556e+05,94255,0
3430,4.0558e+05,94246,0
3431,4.056e+05,94237,0
3432,4.0562e+05,94228,0
3433,4.0564e+05,94219,0
3434,4.0566e+05,94210,0
3435,4.0568e+05,94200,0
3436,4.057e+05,94191,0
3437,4.0572e+05,94182,0
3438,4.0575e+05,94173,0
3439,4.0577e+05,94164,0
3440,4.0579e+05,94155,0
3441,4.0581e+05,94145,0
3442,4.0583e+05,94136,0
3443,4.0585e+05,94127,0
3444,4.0587e+05,94118,0
3445,4.0589e+05,94108,0
3446,4.0591e+05,94099,0
3447,4.0593e+05,94090,0
3448,4.0595e+05,94081,0
3449,4.0598e+05,94071,0
3450,4.06e+05,94062,0
3451,4.0602e+05,94053,0
3452,4.0604e+05,94043,0
3453,4.0606e+05,94034,0
3454,4.0608e+05,94025,0
3455,4.061e+05,94015,0
3456,4.0612e+05,94006,0
3457,4.0614e+05,93997,0
3458,4.0616e+05,93987,0
3459,4.0618e+05,93978,0
3460,4.062e+05,93969,0
3461,4.0623e+05,93959,0
3462,4.0625e+05,93950,0
3463,4.0627e+05,93941,0
3464,4.0629e+05,93931,0
3465,4.0631e+05,93922,0
3466,4.0633e+05,93912,0
3467,4.0635e+05,93903,0
3468,4.0637e+05,93894,0
3469,4.0639e+05,93884,0
3470,4.0641e+05,93875,0
3471,4.0643e+05,93865,0
3472,4.0646e+05,93856,0
3473,4.0648e+05,93846,0
3474,4.065e+05,93837,0
3475,4.0652e+05,93827,0
3476,4.0654e+05,93818,0
3477,4.0656e+05,93808,0
3478,4.0658e+05,93799,0
3479,4.066e+05,93789,0
3480,4.0662e+05,93780,0
3481,4.0664e+05,93770,0
3482,4.0666e+05,93761,0
3483,4.0668e+05,93751,0
3484,4.0671e+05,93742,0
3485,4.0673e+05,93732,0
3486,4.0675e+05,93723,0
3487,4.0677e+05,93713,0
3488,4.0679e+05,93703,0
3489,4.0681e+05,93694,0
3490,4.0683e+05,93684,0
3491,4.0685e+05,93675,0
3492,4.0687e+05,93665,0
3493,4.0689e+05,93655,0
3494,4.0691e+05,93646,0
3495,4.0693e+05,93636,0
3496,4.0696e+05,93626,0
3497,4.0698e+05,93617,0
3498,4.07e+05,93607,0
3499,4.0702e+05,93597,0
3500,4.0704e+05,93588,0
3501,4.0706e+05,93578,0
3502,4.0708e+05,93568,0
3503,4.071e+05,93559,0
3504,4.0712e+05,93549,0
3505,4.0714e+05,93539,0
3506,4.0716e+05,93530,0
3507,4.0718e+05,93520,0
3508,4.072e+05,93510,0
3509,4.0723e+05,93500,0
3510,4.0725e+05,93491,0
3511,4.0727e+05,93481,0
3512,4.0729e+05,93471,0
3513,4.0731e+05,93461,0
3514,4.0733e+05,93451,0
3515,4.0735e+05,93442,0
3516,4.0737e+05,93432,0
3517,4.0739e+05,93422,0
3518,4.0741e+05,93412,0
3519,4.0743e+05,93402,0
3520,4.0745e+05,93393,0
3521,4.0747e+05,93383,0
3522,4.075e+05,93373,0
3523,4.0752e+05,93363,0
3524,4.0754e+05,93353,0
3525,4.0756e+05,93343,0
3526,4.0758e+05,93333,0
3527,4.076e+05,93324,0
3528,4.0762e+05,93314,0
3529,4.0764e+05,93304,0
3530,4.0766e+05,93294,0
3531,4.0768e+05,93284,0
3532,4.077e+05,93274,0
3533,4.0772e+05,93264,0
3534,4.0775e+05,93254,0
3535,4.0777e+05,93244,0
3536,4.0779e+05,93234,0
3537,4.0781e+05,93224,0
3538,4.0783e+05,93214,0
3539,4.0785e+05,93204,0
3540,4.0787e+05,93194,0
3541,4.0789e+05,93184,0
3542,4.0791e+05,93174,0
3543,4.0793e+05,93164,0
3544,4.0795e+05,93154,0
3545,4.0797e+05,93144,0
3546,4.0799e+05,93134,0
3547,4.0801e+05,93124,0
3548,4.0804e+05,93114,0
3549,4.0806e+05,93104,0
3550,4.0808e+05,93094,0
3551,4.081e+05,93084,0
3552,4.0812e+05,93074,0
3553,4.0814e+05,93064,0
3554,4.0816e+05,93054,0
3555,4.0818e+05,93044,0
3556,4.082e+05,93034,0
3557,4.0822e+05,93023,0
3558,4.0824e+05,93013,0
3559,4.0826e+05,93003,0
3560,4.0828e+05,92993,0
3561,4.0831e+05,92983,0
3562,4.0833e+05,92973,0
3563,4.0835e+05,92963,0
3564,4.0837e+05,92952,0
3565,4.0839e+05,92942,0
3566,4.0841e+05,92932,0
3567,4.0843e+05,92922,0
3568,4.0845e+05,92912,0
3569,4.0847e+05,92901,0
3570,4.0849e+05,92891,0
3571,4.0851e+05,92881,0
3572,4.0853e+05,92871,0
3573,4.0855e+05,92861,0
3574,4.0857e+05,92850,0
3575,4.086e+05,92840,0
3576,4.0862e+05,92830,0
3577,4.0864e+05,92819,0
3578,4.0866e+05,92809,0
3579,4.0868e+05,92799,0
3580,4.087e+05,92789,0
3581,4.0872e+05,92778,0
3582,4.0874e+05,92768,0
3583,4.0876e+05,92758,0
3584,4.0878e+05,92747,0
3585,4.088e+05,92737,0
3586,4.0882e+05,92727,0
3587,4.0884e+05,92716,0
3588,4.0886e+05,92706,0
3589,4.0888e+05,92696,0
3590,4.0891e+05,92685,0
3591,4.0893e+05,92675,0
3592,4.0895e+05,92664,0
3593,4.0897e+05,92654,0
3594,4.0899e+05,92644,0
3595,4.0901e+05,92633,0
3596,4.0903e+05,92623,0
3597,4.0905e+05,92612,0
3598,4.0907e+05,92602,0
3599,4.0909e+05,92592,0
3600,4.0911e+05,92581,0
3601,4.0913e+05,92571,0
3602,4.0915e+05,92560,0
3603,4.0917e+05,92550,0
3604,4.092e+05,92539,0
3605,4.0922e+05,92529,0
3606,4.0924e+05,92518,0
3607,4.0926e+05,92508,0
3608,4.0928e+05,92497,0
3609,4.093e+05,92487,0
3610,4.0932e+05,92476,0
3611,4.0934e+05,92466,0
3612,4.0936e+05,92455,0
3613,4.0938e+05,92445,0
3614,4.094e+05,92434,0
3615,4.0942e+05,92423,0
3616,4.0944e+05,92413,0
3617,4.0946e+05,92402,0
3618,4.0948e+05,92392,0
3619,4.095e+05,92381,0
3620,4.0953e+05,92370,0
3621,4.0955e+05,92360,0
3622,4.0957e+05,92349,0
3623,4.0959e+05,92339,0
3624,4.0961e+05,92328,0
3625,4.0963e+05,92317,0
3626,4.0965e+05,92307,0
3627,4.0967e+05,92296,0
3628,4.0969e+05,92285,0
3629,4.0971e+05,92275,0
3630,4.0973e+05,92264,0
3631,4.0975e+05,92253,0
3632,4.0977e+05,92243,0
3633,4.0979e+05,92232,0
3634,4.0981e+05,92221,0
3635,4.0984e+05,92210,0
3636,4.0986e+05,92200,0
3637,4.0988e+05,92189,0
3638,4.099e+05,92178,0
3639,4.0992e+05,92168,0
3640,4.0994e+05,92157,0
3641,4.0996e+05,92146,0
3642,4.0998e+05,92135,0
3643,4.1e+05,92124,0
3644,4.1002e+05,92114,0
3645,4.1004e+05,92103,0
3646,4.1006e+05,92092,0
3647,4.1008e+05,92081,0
3648,4.101e+05,92070,0
3649,4.1012e+05,92060,0
3650,4.1014e+05,92049,0
3651,4.1016e+05,92038,0
3652,4.1019e+05,92027,0
3653,4.1021e+05,92016,0
3654,4.1023e+05,92005,0
3655,4.1025e+05,91994,0
3656,4.1027e+05,91984,0
3657,4.1029e+05,91973,0
3658,4.1031e+05,91962,0
3659,4.1033e+05,91951,0
3660,4.1035e+05,91940,0
3661,4.1037e+05,91929,0
3662,4.1039e+05,91918,0
3663,4.1041e+05,91907,0
3664,4.1043e+05,91896,0
3665,4.1045e+05,91885,0
3666,4.1047e+05,91874,0
3667,4.1049e+05,91863,0
3668,4.1051e+05,91852,0
3669,4.1054e+05,91841,0
3670,4.1056e+05,91830,0
3671,4.1058e+05,91819,0
3672,4.106e+05,91808,0
3673,4.1062e+05,91797,0
3674,4.1064e+05,91786,0
3675,4.1066e+05,91775,0
3676,4.1068e+05,91764,0
3677,4.107e+05,91753,0
3678,4.1072e+05,91742,0
3679,4.1074e+05,91731,0
3680,4.1076e+05,91720,0
3681,4.1078e+05,91709,0
3682,4.108e+05,91698,0
3683,4.1082e+05,91687,0
3684,4.1084e+05,91676,0
3685,4.1086e+05,91665,0
3686,4.1088e+05,91654,0
3687,4.1091e+05,91642,0
3688,4.1093e+05,91631,0
3689,4.1095e+05,91620,0
3690,4.1097e+05,91609,0
3691,4.1099e+05,91598,0
3692,4.1101e+05,91587,0
3693,4.1103e+05,91576,0
3694,4.1105e+05,91564,0
3695,4.1107e+05,91553,0
3696,4.1109e+05,91542,0
3697,4.1111e+05,91531,0
3698,4.1113e+05,91520,0
3699,4.1115e+05,91508,0
3700,4.1117e+05,91497,0
3701,4.1119e+05,91486,0
3702,4.1121e+05,91475,0
3703,4.1123e+05,91464,0
3704,4.1125e+05,91452,0
3705,4.1127e+05,91441,0
3706,4.113e+05,91430,0
3707,4.1132e+05,91419,0
3708,4.1134e+05,91407,0
3709,4.1136e+05,91396,0
3710,4.1138e+05,91385,0
3711,4.114e+05,91373,0
3712,4.1142e+05,91362,0
3713,4.1144e+05,91351,0
3714,4.1146e+05,91339,0
3715,4.1148e+05,91328,0
3716,4.115e+05,91317,0
3717,4.1152e+05,91305,0
3718,4.1154e+05,91294,0
3719,4.1156e+05,91283,0
3720,4.1158e+05,91271,0
3721,4.116e+05,91260,0
3722,4.1162e+05,91249,0
3723,4.1164e+05,91237,0
3724,4.1166e+05,91226,0
3725,4.1168e+05,91214,0
3726,4.117e+05,91203,0
3727,4.1173e+05,91191,0
3728,4.1175e+05,91180,0
3729,4.1177e+05,91169,0
3730,4.1179e+05,91157,0
3731,4.1181e+05,91146,0
3732,4.1183e+05,91134,0
3733,4.1185e+05,91123,0
3734,4.1187e+05,91111,0
3735,4.1189e+05,91100,0
3736,4.1191e+05,91088,0
3737,4.1193e+05,91077,0
3738,4.1195e+05,91065,0
3739,4.1197e+05,91054,0
3740,4.1199e+05,91042,0
3741,4.1201e+05,91031,0
3742,4.1203e+05,91019,0
3743,4.1205e+05,91008,0
3744,4.1207e+05,90996,0
3745,4.1209e+05,90985,0
3746,4.1211e+05,90973,0
3747,4.1213e+05,90961,0
3748,4.1215e+05,90950,0
3749,4.1218e+05,90938,0
3750,4.122e+05,90927,0
3751,4.1222e+05,90915,0
3752,4.1224e+05,90903,0
3753,4.1226e+05,90892,0
3754,4.1228e+05,90880,0
3755,4.123e+05,90868,0
3756,4.1232e+05,90857,0
3757,4.1234e+05,90845,0
3758,4.1236e+05,90834,0
3759,4.1238e+05,90822,0
3760,4.124e+05,90810,0
3761,4.1242e+05,90798,0
3762,4.1244e+05,90787,0
3763,4.1246e+05,90775,0
3764,4.1248e+05,90763,0
3765,4.125e+05,90752,0
3766,4.1252e+05,90740,0
3767,4.1254e+05,90728,0
3768,4.1256e+05,90716,0
3769,4.1258e+05,90705,0
3770,4.126e+05,90693,0
3771,4.1262e+05,90681,0
3772,4.1264e+05,90669,0
3773,4.1267e+05,90658,0
3774,4.1269e+05,90646,0
3775,4.1271e+05,90634,0
3776,4.1273e+05,90622,0
3777,4.1275e+05,90610,0
3778,4.1277e+05,90599,0
3779,4.1279e+05,90587,0
3780,4.1281e+05,90575,0
3781,4.1283e+05,90563,0
3782,4.1285e+05,90551,0
3783,4.1287e+05,90539,0
3784,4.1289e+05,90528,0
3785,4.1291e+05,90516,0
3786,4.1293e+05,90504,0
3787,4.1295e+05,90492,0
3788,4.1297e+05,90480,0
3789,4.1299e+05,90468,0
3790,4.1301e+05,90456,0
3791,4.1303e+05,90444,0
3792,4.1305e+05,90432,0
3793,4.1307e+05,90421,0
3794,4.1309e+05,90409,0
3795,4.1311e+05,90397,0
3796,4.1313e+05,90385,0
3797,4.1315e+05,90373,0
3798,4.1317e+05,90361,0
3799,4.1319e+05,90349,0
3800,4.1322e+05,90337,0
3801,4.1324e+05,90325,0
3802,4.1326e+05,90313,0
3803,4.1328e+05,90301,0
3804,4.133e+05,90289,0
3805,4.1332e+05,90277,0
3806,4.1334e+05,90265,0
3807,4.1336e+05,90253,0
3808,4.1338e+05,90241,0
3809,4.134e+05,90229,0
3810,4.1342e+05,90217,0
3811,4.1344e+05,90205,0
3812,4.1346e+05,90192,0
3813,4.1348e+05,90180,0
3814,4.135e+05,90168,0
3815,4.1352e+05,90156,0
3816,4.1354e+05,90144,0
3817,4.1356e+05,90132,0
3818,4.1358e+05,90120,0
3819,4.136e+05,90108,0
3820,4.1362e+05,90096,0
3821,4.1364e+05,90083,0
3822,4.1366e+05,90071,0
3823,4.1368e+05,90059,0
3824,4.137e+05,90047,0
3825,4.1372e+05,90035,0
3826,4.1374e+05,90023,0
3827,4.1376e+05,90010,0
3828,4.1378e+05,89998,0
3829,4.138e+05,89986,0
3830,4.1382e+05,89974,0
3831,4.1384e+05,89962,0
3832,4.1387e+05,89949,0
3833,4.1389e+05,89937,0
3834,4.1391e+05,89925,0
3835,4.1393e+05,89913,0
3836,4.1395e+05,89900,0
3837,4.1397e+05,89888,0
3838,4.1399e+05,89876,0
3839,4.1401e+05,89864,0
3840,4.1403e+05,89851,0
3841,4.1405e+05,89839,0
3842,4.1407e+05,89827,0
3843,4.1409e+05,89814,0
3844,4.1411e+05,89802,0
3845,4.1413e+05,89790,0
3846,4.1415e+05,89778,0
3847,4.1417e+05,89765,0
3848,4.1419e+05,89753,0
3849,4.1421e+05,89740,0
3850,4.1423e+05,89728,0
3851,4.1425e+05,89716,0
3852,4.1427e+05,89703,0
3853,4.1429e+05,89691,0
3854,4.1431e+05,89679,0
3855,4.1433e+05,89666,0
3856,4.1435e+05,89654,0
3857,4.1437e+05,89641,0
3858,4.1439e+05,89629,0
3859,4.1441e+05,89617,0
3860,4.1443e+05,89604,0
3861,4.1445e+05,89592,0
3862,4.1447e+05,89579,0
3863,4.1449e+05,89567,0
3864,4.1451e+05,89554,0
3865,4.1453e+05,89542,0
3866,4.1455e+05,89529,0
3867,4.1457e+05,89517,0
3868,4.1459e+05,89504,0
3869,4.1461e+05,89492,0
3870,4.1463e+05,89479,0
3871,4.1465e+05,89467,0
3872,4.1468e+05,89454,0
3873,4.147e+05,89442,0
3874,4.1472e+05,89429,0
3875,4.1474e+05,89417,0
3876,4.1476e+05,89404,0
3877,4.1478e+05,89392,0
3878,4.148e+05,89379,0
3879,4.1482e+05,89366,0
3880,4.1484e+05,89354,0
3881,4.1486e+05,89341,0
3882,4.1488e+05,89329,0
3883,4.149e+05,89316,0
3884,4.1492e+05,89303,0
3885,4.1494e+05,89291,0
3886,4.1496e+05,89278,0
3887,4.1498e+05,89265,0
3888,4.15e+05,89253,0
3889,4.1502e+05,89240,0
3890,4.1504e+05,89228,0
3891,4.1506e+05,89215,0
3892,4.1508e+05,89202,0
3893,4.151e+05,89189,0
3894,4.1512e+05,89177,0
3895,4.1514e+05,89164,0
3896,4.1516e+05,89151,0
3897,4.1518e+05,89139,0
3898,4.152e+05,89126,0
3899,4.1522e+05,89113,0
3900,4.1524e+05,89100,0
3901,4.1526e+05,89088,0
3902,4.1528e+05,89075,0
3903,4.153e+05,89062,0
3904,4.1532e+05,89049,0
3905,4.1534e+05,89037,0
3906,4.1536e+05,89024,0
3907,4.1538e+05,89011,0
3908,4.154e+05,88998,0
3909,4.1542e+05,88986,0
3910,4.1544e+05,88973,0
3911,4.1546e+05,88960,0
3912,4.1548e+05,88947,0
3913,4.155e+05,88934,0
3914,4.1552e+05,88921,0
3915,4.1554e+05,88909,0
3916,4.1556e+05,88896,0
3917,4.1558e+05,88883,0
3918,4.156e+05,88870,0
3919,4.1562e+05,88857,0
3920,4.1564e+05,88844,0
3921,4.1566e+05,88831,0
3922,4.1568e+05,88818,0
3923,4.157e+05,88805,0
3924,4.1572e+05,88793,0
3925,4.1574e+05,88780,0
3926,4.1576e+05,88767,0
3927,4.1578e+05,88754,0
3928,4.158e+05,88741,0
3929,4.1582e+05,88728,0
3930,4.1584e+05,88715,0
3931,4.1586e+05,88702,0
3932,4.1588e+05,88689,0
3933,4.159e+05,88676,0
3934,4.1592e+05,88663,0
3935,4.1594e+05,88650,0
3936,4.1596e+05,88637,0
3937,4.1598e+05,88624,0
3938,4.16e+05,88611,0
3939,4.1602e+05,88598,0
3940,4.1604e+05,88585,0
3941,4.1606e+05,88572,0
3942,4.1608e+05,88559,0
3943,4.161e+05,88546,0
3944,4.1612e+05,88533,0
3945,4.1614e+05,88520,0
3946,4.1616e+05,88506,0
3947,4.1618e+05,88493,0
3948,4.1621e+05,88480,0
3949,4.1623e+05,88467,0
3950,4.1625e+05,88454,0
3951,4.1627e+05,88441,0
3952,4.1629e+05,88428,0
3953,4.1631e+05,88415,0
3954,4.1633e+05,88402,0
3955,4.1635e+05,88388,0
3956,4.1637e+05,88375,0
3957,4.1639e+05,88362,0
3958,4.1641e+05,88349,0
3959,4.1643e+05,88336,0
3960,4.1645e+05,88322,0
3961,4.1647e+05,88309,0
3962,4.1649e+05,88296,0
3963,4.1651e+05,88283,0
3964,4.1653e+05,88270,0
3965,4.1655e+05,88256,0
3966,4.1657e+05,88243,0
3967,4.1659e+05,88230,0
3968,4.1661e+05,88217,0
3969,4.1663e+05,88203,0
3970,4.1665e+05,88190,0
3971,4.1667e+05,88177,0
3972,4.1669e+05,88164,0
3973,4.1671e+05,88150,0
3974,4.1673e+05,88137,0
3975,4.1675e+05,88124,0
3976,4.1677e+05,88110,0
3977,4.1679e+05,88097,0
3978,4.1681e+05,88084,0
3979,4.1683e+05,88070,0
3980,4.1685e+05,88057,0
3981,4.1687e+05,88044,0
3982,4.1689e+05,88030,0
3983,4.1691e+05,88017,0
3984,4.1693e+05,88004,0
3985,4.1695e+05,87990,0
3986,4.1697e+05,87977,0
3987,4.1699e+05,87964,0
3988,4.1701e+05,87950,0
3989,4.1703e+05,87937,0
3990,4.1705e+05,87923,0
3991,4.1707e+05,87910,0
3992,4.1709e+05,87897,0
3993,4.1711e+05,87883,0
3994,4.1713e+05,87870,0
3995,4.1715e+05,87856,0
3996,4.1717e+05,87843,0
3997,4.1719e+05,87829,0
3998,4.1721e+05,87816,0
3999,4.1723e+05,87802,0
4000,4.1724e+05,87789,0
4001,4.1726e+05,87775,0
4002,4.1728e+05,87762,0
4003,4.173e+05,87748,0
4004,4.1732e+05,87735,0
4005,4.1734e+05,87721,0
4006,4.1736e+05,87708,0
4007,4.1738e+05,87694,0
4008,4.174e+05,87681,0
4009,4.1742e+05,87667,0
4010,4.1744e+05,87654,0
4011,4.1746e+05,87640,0
4012,4.1748e+05,87626,0
4013,4.175e+05,87613,0
4014,4.1752e+05,87599,0
4015,4.1754e+05,87586,0
4016,4.1756e+05,87572,0
4017,4.1758e+05,87558,0
4018,4.176e+05,87545,0
4019,4.1762e+05,87531,0
4020,4.1764e+05,87518,0
4021,4.1766e+05,87504,0
4022,4.1768e+05,87490,0
4023,4.177e+05,87477,0
4024,4.1772e+05,87463,0
4025,4.1774e+05,87449,0
4026,4.1776e+05,87436,0
4027,4.1778e+05,87422,0
4028,4.178e+05,87408,0
4029,4.1782e+05,87394,0
4030,4.1784e+05,87381,0
4031,4.1786e+05,87367,0
4032,4.1788e+05,87353,0
4033,4.179e+05,87340,0
4034,4.1792e+05,87326,0
4035,4.1794e+05,87312,0
4036,4.1796e+05,87298,0
4037,4.1798e+05,87285,0
4038,4.18e+05,87271,0
4039,4.1802e+05,87257,0
4040,4.1804e+05,87243,0
4041,4.1806e+05,87229,0
4042,4.1808e+05,87216,0
4043,4.181e+05,87202,0
4044,4.1812e+05,87188,0
4045,4.1814e+05,87174,0
4046,4.1816e+05,87160,0
4047,4.1818e+05,87147,0
4048,4.182e+05,87133,0
4049,4.1822e+05,87119,0
4050,4.1824e+05,87105,0
4051,4.1826e+05,87091,0
4052,4.1828e+05,87077,0
4053,4.183e+05,87063,0
4054,4.1832e+05,87049,0
4055,4.1834e+05,87036,0
4056,4.1836e+05,87022,0
4057,4.1838e+05,87008,0
4058,4.184e+05,86994,0
4059,4.1842e+05,86980,0
4060,4.1844e+05,86966,0
4061,4.1846e+05,86952,0
4062,4.1848e+05,86938,0
4063,4.185e+05,86924,0
4064,4.1852e+05,86910,0
4065,4.1854e+05,86896,0
4066,4.1856e+05,86882,0
4067,4.1858e+05,86868,0
4068,4.186e+05,86854,0
4069,4.1862e+05,86840,0
4070,4.1864e+05,86826,0
4071,4.1866e+05,86812,0
4072,4.1868e+05,86798,0
4073,4.1869e+05,86784,0
4074,4.1871e+05,86770,0
4075,4.1873e+05,86756,0
4076,4.1875e+05,86742,0
4077,4.1877e+05,86728,0
4078,4.1879e+05,86714,0
4079,4.1881e+05,86700,0
4080,4.1883e+05,86686,0
4081,4.1885e+05,86672,0
4082,4.1887e+05,86658,0
4083,4.1889e+05,86643,0
4084,4.1891e+05,86629,0
4085,4.1893e+05,86615,0
4086,4.1895e+05,86601,0
4087,4.1897e+05,86587,0
4088,4.1899e+05,86573,0
4089,4.1901e+05,86559,0
4090,4.1903e+05,86545,0
4091,4.1905e+05,86530,0
4092,4.1907e+05,86516,0
4093,4.1909e+05,86502,0
4094,4.1911e+05,86488,0
4095,4.1913e+05,86474,0
4096,4.1915e+05,86459,0
4097,4.1917e+05,86445,0
4098,4.1919e+05,86431,0
4099,4.1921e+05,86417,0
4100,4.1923e+05,86403,0
4101,4.1925e+05,86388,0
4102,4.1927e+05,86374,0
4103,4.1929e+05,86360,0
4104,4.1931e+05,86346,0
4105,4.1933e+05,86331,0
4106,4.1935e+05,86317,0
4107,4.1937e+05,86303,0
4108,4.1939e+05,86288,0
4109,4.1941e+05,86274,0
4110,4.1943e+05,86260,0
4111,4.1944e+05,86246,0
4112,4.1946e+05,86231,0
4113,4.1948e+05,86217,0
4114,4.195e+05,86203,0
4115,4.1952e+05,86188,0
4116,4.1954e+05,86174,0
4117,4.1956e+05,86160,0
4118,4.1958e+05,86145,0
4119,4.196e+05,86131,0
4120,4.1962e+05,86116,0
4121,4.1964e+05,86102,0
4122,4.1966e+05,86088,0
4123,4.1968e+05,86073,0
4124,4.197e+05,86059,0
4125,4.1972e+05,86044,0
4126,4.1974e+05,86030,0
4127,4.1976e+05,86016,0
4128,4.1978e+05,86001,0
4129,4.198e+05,85987,0
4130,4.1982e+05,85972,0
4131,4.1984e+05,85958,0
4132,4.1986e+05,85943,0
4133,4.1988e+05,85929,0
4134,4.199e+05,85914,0
4135,4.1992e+05,85900,0
4136,4.1994e+05,85885,0
4137,4.1996e+05,85871,0
4138,4.1998e+05,85856,0
4139,4.2e+05,85842,0
4140,4.2001e+05,85827,0
4141,4.2003e+05,85813,0
4142,4.2005e+05,85798,0
4143,4.2007e+05,85784,0
4144,4.2009e+05,85769,0
4145,4.2011e+05,85755,0
4146,4.2013e+05,85740,0
4147,4.2015e+05,85725,0
4148,4.2017e+05,85711,0
4149,4.2019e+05,85696,0
4150,4.2021e+05,85682,0
4151,4.2023e+05,85667,0
4152,4.2025e+05,85653,0
4153,4.2027e+05,85638,0
4154,4.2029e+05,85623,0
4155,4.2031e+05,85609,0
4156,4.2033e+05,85594,0
4157,4.2035e+05,85579,0
4158,4.2037e+05,85565,0
4159,4.2039e+05,85550,0
4160,4.2041e+05,85535,0
4161,4.2043e+05,85521,0
4162,4.2045e+05,85506,0
4163,4.2047e+05,85491,0
4164,4.2048e+05,85477,0
4165,4.205e+05,85462,0
4166,4.2052e+05,85447,0
4167,4.2054e+05,85432,0
4168,4.2056e+05,85418,0
4169,4.2058e+05,85403,0
4170,4.206e+05,85388,0
4171,4.2062e+05,85373,0
4172,4.2064e+05,85359,0
4173,4.2066e+05,85344,0
4174,4.2068e+05,85329,0
4175,4.207e+05,85314,0
4176,4.2072e+05,85300,0
4177,4.2074e+05,85285,0
4178,4.2076e+05,85270,0
4179,4.2078e+05,85255,0
4180,4.208e+05,85240,0
4181,4.2082e+05,85226,0
4182,4.2084e+05,85211,0
4183,4.2086e+05,85196,0
4184,4.2088e+05,85181,0
4185,4.2089e+05,85166,0
4186,4.2091e+05,85151,0
4187,4.2093e+05,85136,0
4188,4.2095e+05,85122,0
4189,4.2097e+05,85107,0
4190,4.2099e+05,85092,0
4191,4.2101e+05,85077,0
4192,4.2103e+05,85062,0
4193,4.2105e+05,85047,0
4194,4.2107e+05,85032,0
4195,4.2109e+05,85017,0
4196,4.2111e+05,85002,0
4197,4.2113e+05,84987,0
4198,4.2115e+05,84972,0
4199,4.2117e+05,84957,0
4200,4.2119e+05,84943,0
4201,4.2121e+05,84928,0
4202,4.2123e+05,84913,0
4203,4.2125e+05,84898,0
4204,4.2127e+05,84883,0
4205,4.2128e+05,84868,0
4206,4.213e+05,84853,0
4207,4.2132e+05,84838,0
4208,4.2134e+05,84823,0
4209,4.2136e+05,84808,0
4210,4.2138e+05,84792,0
4211,4.214e+05,84777,0
4212,4.2142e+05,84762,0
4213,4.2144e+05,84747,0
4214,4.2146e+05,84732,0
4215,4.2148e+05,84717,0
4216,4.215e+05,84702,0
4217,4.2152e+05,84687,0
4218,4.2154e+05,84672,0
4219,4.2156e+05,84657,0
4220,4.2158e+05,84642,0
4221,4.216e+05,84627,0
4222,4.2161e+05,84611,0
4223,4.2163e+05,84596,0
4224,4.2165e+05,84581,0
4225,4.2167e+05,84566,0
4226,4.2169e+05,84551,0
4227,4.2171e+05,84536,0
4228,4.2173e+05,84521,0
4229,4.2175e+05,84505,0
4230,4.2177e+05,84490,0
4231,4.2179e+05,84475,0
4232,4.2181e+05,84460,0
4233,4.2183e+05,84445,0
4234,4.2185e+05,84429,0
4235,4.2187e+05,84414,0
4236,4.2189e+05,84399,0
4237,4.2191e+05,84384,0
4238,4.2193e+05,84368,0
4239,4.2194e+05,84353,0
4240,4.2196e+05,84338,0
4241,4.2198e+05,84323,0
4242,4.22e+05,84307,0
4243,4.2202e+05,84292,0
4244,4.2204e+05,84277,0
4245,4.2206e+05,84262,0
4246,4.2208e+05,84246,0
4247,4.221e+05,84231,0
4248,4.2212e+05,84216,0
4249,4.2214e+05,84200,0
4250,4.2216e+05,84185,0
4251,4.2218e+05,84170,0
4252,4.222e+05,84154,0
4253,4.2222e+05,84139,0
4254,4.2223e+05,84124,0
4255,4.2225e+05,84108,0
4256,4.2227e+05,84093,0
4257,4.2229e+05,84078,0
4258,4.2231e+05,84062,0
4259,4.2233e+05,84047,0
4260,4.2235e+05,84031,0
4261,4.2237e+05,84016,0
4262,4.2239e+05,84001,0
4263,4.2241e+05,83985,0
4264,4.2243e+05,83970,0
4265,4.2245e+05,83954,0
4266,4.2247e+05,83939,0
4267,4.2249e+05,83923,0
4268,4.225e+05,83908,0
4269,4.2252e+05,83892,0
4270,4.2254e+05,83877,0
4271,4.2256e+05,83861,0
4272,4.2258e+05,83846,0
4273,4.226e+05,83830,0
4274,4.2262e+05,83815,0
4275,4.2264e+05,83799,0
4276,4.2266e+05,83784,0
4277,4.2268e+05,83768,0
4278,4.227e+05,83753,0
4279,4.2272e+05,83737,0
4280,4.2274e+05,83722,0
4281,4.2276e+05,83706,0
4282,4.2277e+05,83691,0
4283,4.2279e+05,83675,0
4284,4.2281e+05,83660,0
4285,4.2283e+05,83644,0
4286,4.2285e+05,83628,0
4287,4.2287e+05,83613,0
4288,4.2289e+05,83597,0
4289,4.2291e+05,83582,0
4290,4.2293e+05,83566,0
4291,4.2295e+05,83550,0
4292,4.2297e+05,83535,0
4293,4.2299e+05,83519,0
4294,4.2301e+05,83503,0
4295,4.2302e+05,83488,0
4296,4.2304e+05,83472,0
4297,4.2306e+05,83456,0
4298,4.2308e+05,83441,0
4299,4.231e+05,83425,0
4300,4.2312e+05,83409,0
4301,4.2314e+05,83394,0
4302,4.2316e+05,83378,0
4303,4.2318e+05,83362,0
4304,4.232e+05,83347,0
4305,4.2322e+05,83331,0
4306,4.2324e+05,83315,0
4307,4.2326e+05,83299,0
4308,4.2327e+05,83284,0
4309,4.2329e+05,83268,0
4310,4.2331e+05,83252,0
4311,4.2333e+05,83236,0
4312,4.2335e+05,83221,0
4313,4.2337e+05,83205,0
4314,4.2339e+05,83189,0
4315,4.2341e+05,83173,0
4316,4.2343e+05,83157,0
4317,4.2345e+05,83142,0
4318,4.2347e+05,83126,0
4319,4.2349e+05,83110,0
4320,4.235e+05,83094,0
4321,4.2352e+05,83078,0
4322,4.2354e+05,83062,0
4323,4.2356e+05,83047,0
4324,4.2358e+05,83031,0
4325,4.236e+05,83015,0
4326,4.2362e+05,82999,0
4327,4.2364e+05,82983,0
4328,4.2366e+05,82967,0
4329,4.2368e+05,82951,0
4330,4.237e+05,82935,0
4331,4.2371e+05,82919,0
4332,4.2373e+05,82904,0
4333,4.2375e+05,82888,0
4334,4.2377e+05,82872,0
4335,4.2379e+05,82856,0
4336,4.2381e+05,82840,0
4337,4.2383e+05,82824,0
4338,4.2385e+05,82808,0
4339,4.2387e+05,82792,0
4340,4.2389e+05,82776,0
4341,4.2391e+05,82760,0
4342,4.2392e+05,82744,0
4343,4.2394e+05,82728,0
4344,4.2396e+05,82712,0
4345,4.2398e+05,82696,0
4346,4.24e+05,82680,0
4347,4.2402e+05,82664,0
4348,4.2404e+05,82648,0
4349,4.2406e+05,82632,0
4350,4.2408e+05,82616,0
4351,4.241e+05,82600,0
4352,4.2412e+05,82584,0
4353,4.2413e+05,82568,0
4354,4.2415e+05,82551,0
4355,4.2417e+05,82535,0
4356,4.2419e+05,82519,0
4357,4.2421e+05,82503,0
4358,4.2423e+05,82487,0
4359,4.2425e+05,82471,0
4360,4.2427e+05,82455,0
4361,4.2429e+05,82439,0
4362,4.2431e+05,82423,0
4363,4.2432e+05,82406,0
4364,4.2434e+05,82390,0
4365,4.2436e+05,82374,0
4366,4.2438e+05,82358,0
4367,4.244e+05,82342,0
4368,4.2442e+05,82326,0
4369,4.2444e+05,82309,0
4370,4.2446e+05,82293,0
4371,4.2448e+05,82277,0
4372,4.245e+05,82261,0
4373,4.2452e+05,82245,0
4374,4.2453e+05,82228,0
4375,4.2455e+05,82212,0
4376,4.2457e+05,82196,0
4377,4.2459e+05,82180,0
4378,4.2461e+05,82163,0
4379,4.2463e+05,82147,0
4380,4.2465e+05,82131,0
4381,4.2467e+05,82115,0
4382,4.2469e+05,82098,0
4383,4.247e+05,82082,0
4384,4.2472e+05,82066,0
4385,4.2474e+05,82049,0
4386,4.2476e+05,82033,0
4387,4.2478e+05,82017,0
4388,4.248e+05,82001,0
4389,4.2482e+05,81984,0
4390,4.2484e+05,81968,0
4391,4.2486e+05,81952,0
4392,4.2488e+05,81935,0
4393,4.2489e+05,81919,0
4394,4.2491e+05,81902,0
4395,4.2493e+05,81886,0
4396,4.2495e+05,81870,0
4397,4.2497e+05,81853,0
4398,4.2499e+05,81837,0
4399,4.2501e+05,81820,0
4400,4.2503e+05,81804,0
4401,4.2505e+05,81788,0
4402,4.2506e+05,81771,0
4403,4.2508e+05,81755,0
4404,4.251e+05,81738,0
4405,4.2512e+05,81722,0
4406,4.2514e+05,81705,0
4407,4.2516e+05,81689,0
4408,4.2518e+05,81673,0
4409,4.252e+05,81656,0
4410,4.2522e+05,81640,0
4411,4.2523e+05,81623,0
4412,4.2525e+05,81607,0
4413,4.2527e+05,81590,0
4414,4.2529e+05,81574,0
4415,4.2531e+05,81557,0
4416,4.2533e+05,81541,0
4417,4.2535e+05,81524,0
4418,4.2537e+05,81508,0
4419,4.2539e+05,81491,0
4420,4.254e+05,81474,0
4421,4.2542e+05,81458,0
4422,4.2544e+05,81441,0
4423,4.2546e+05,81425,0
4424,4.2548e+05,81408,0
4425,4.255e+05,81392,0
4426,4.2552e+05,81375,0
4427,4.2554e+05,81358,0
4428,4.2556e+05,81342,0
4429,4.2557e+05,81325,0
4430,4.2559e+05,81309,0
4431,4.2561e+05,81292,0
4432,4.2563e+05,81275,0
4433,4.2565e+05,81259,0
4434,4.2567e+05,81242,0
4435,4.2569e+05,81225,0
4436,4.2571e+05,81209,0
4437,4.2572e+05,81192,0
4438,4.2574e+05,81175,0
4439,4.2576e+05,81159,0
4440,4.2578e+05,81142,0
4441,4.258e+05,81125,0
4442,4.2582e+05,81109,0
4443,4.2584e+05,81092,0
4444,4.2586e+05,81075,0
4445,4.2588e+05,81058,0
4446,4.2589e+05,81042,0
4447,4.2591e+05,81025,0
4448,4.2593e+05,81008,0
4449,4.2595e+05,80991,0
4450,4.2597e+05,80975,0
4451,4.2599e+05,80958,0
4452,4.2601e+05,80941,0
4453,4.2603e+05,80924,0
4454,4.2604e+05,80908,0
4455,4.2606e+05,80891,0
4456,4.2608e+05,80874,0
4457,4.261e+05,80857,0
4458,4.2612e+05,80840,0
4459,4.2614e+05,80823,0
4460,4.2616e+05,80807,0
4461,4.2618e+05,80790,0
4462,4.2619e+05,80773,0
4463,4.2621e+05,80756,0
4464,4.2623e+05,80739,0
4465,4.2625e+05,80722,0
4466,4.2627e+05,80705,0
4467,4.2629e+05,80689,0
4468,4.2631e+05,80672,0
4469,4.2632e+05,80655,0
4470,4.2634e+05,80638,0
4471,4.2636e+05,80621,0
4472,4.2638e+05,80604,0
4473,4.264e+05,80587,0
4474,4.2642e+05,80570,0
4475,4.2644e+05,80553,0
4476,4.2646e+05,80536,0
4477,4.2647e+05,80519,0
4478,4.2649e+05,80502,0
4479,4.2651e+05,80485,0
4480,4.2653e+05,80468,0
4481,4.2655e+05,80452,0
4482,4.2657e+05,80435,0
4483,4.2659e+05,80418,0
4484,4.2661e+05,80401,0
4485,4.2662e+05,80384,0
4486,4.2664e+05,80367,0
4487,4.2666e+05,80349,0
4488,4.2668e+05,80332,0
4489,4.267e+05,80315,0
4490,4.2672e+05,80298,0
4491,4.2674e+05,80281,0
4492,4.2675e+05,80264,0
4493,4.2677e+05,80247,0
4494,4.2679e+05,80230,0
4495,4.2681e+05,80213,0
4496,4.2683e+05,80196,0
4497,4.2685e+05,80179,0
4498,4.2687e+05,80162,0
4499,4.2688e+05,80145,0
4500,4.269e+05,80128,0
4501,4.2692e+05,80110,0
4502,4.2694e+05,80093,0
4503,4.2696e+05,80076,0
4504,4.2698e+05,80059,0
4505,4.27e+05,80042,0
4506,4.2702e+05,80025,0
4507,4.2703e+05,80008,0
4508,4.2705e+05,79990,0
4509,4.2707e+05,79973,0
4510,4.2709e+05,79956,0
4511,4.2711e+05,79939,0
4512,4.2713e+05,79922,0
4513,4.2715e+05,79904,0
4514,4.2716e+05,79887,0
4515,4.2718e+05,79870,0
4516,4.272e+05,79853,0
4517,4.2722e+05,79835,0
4518,4.2724e+05,79818,0
4519,4.2726e+05,79801,0
4520,4.2728e+05,79784,0
4521,4.2729e+05,79766,0
4522,4.2731e+05,79749,0
4523,4.2733e+05,79732,0
4524,4.2735e+05,79715,0
4525,4.2737e+05,79697,0
4526,4.2739e+05,79680,0
4527,4.274e+05,79663,0
4528,4.2742e+05,79645,0
4529,4.2744e+05,79628,0
4530,4.2746e+05,79611,0
4531,4.2748e+05,79593,0
4532,4.275e+05,79576,0
4533,4.2752e+05,79559,0
4534,4.2753e+05,79541,0
4535,4.2755e+05,79524,0
4536,4.2757e+05,79507,0
4537,4.2759e+05,79489,0
4538,4.2761e+05,79472,0
4539,4.2763e+05,79455,0
4540,4.2765e+05,79437,0
4541,4.2766e+05,79420,0
4542,4.2768e+05,79402,0
4543,4.277e+05,79385,0
4544,4.2772e+05,79368,0
4545,4.2774e+05,79350,0
4546,4.2776e+05,79333,0
4547,4.2777e+05,79315,0
4548,4.2779e+05,79298,0
4549,4.2781e+05,79280,0
4550,4.2783e+05,79263,0
4551,4.2785e+05,79245,0
4552,4.2787e+05,79228,0
4553,4.2789e+05,79210,0
4554,4.279e+05,79193,0
4555,4.2792e+05,79175,0
4556,4.2794e+05,79158,0
4557,4.2796e+05,79140,0
4558,4.2798e+05,79123,0
4559,4.28e+05,79105,0
4560,4.2801e+05,79088,0
4561,4.2803e+05,79070,0
4562,4.2805e+05,79053,0
4563,4.2807e+05,79035,0
4564,4.2809e+05,79018,0
4565,4.2811e+05,79000,0
4566,4.2812e+05,78982,0
4567,4.2814e+05,78965,0
4568,4.2816e+05,78947,0
4569,4.2818e+05,78930,0
4570,4.282e+05,78912,0
4571,4.2822e+05,78894,0
4572,4.2824e+05,78877,0
4573,4.2825e+05,78859,0
4574,4.2827e+05,78842,0
4575,4.2829e+05,78824,0
4576,4.2831e+05,78806,0
4577,4.2833e+05,78789,0
4578,4.2835e+05,78771,0
4579,4.2836e+05,78753,0
4580,4.2838e+05,78736,0
4581,4.284e+05,78718,0
4582,4.2842e+05,78700,0
4583,4.2844e+05,78683,0
4584,4.2846e+05,78665,0
4585,4.2847e+05,78647,0
4586,4.2849e+05,78629,0
4587,4.2851e+05,78612,0
4588,4.2853e+05,78594,0
4589,4.2855e+05,78576,0
4590,4.2857e+05,78558,0
4591,4.2858e+05,78541,0
4592,4.286e+05,78523,0
4593,4.2862e+05,78505,0
4594,4.2864e+05,78487,0
4595,4.2866e+05,78470,0
4596,4.2868e+05,78452,0
4597,4.2869e+05,78434,0
4598,4.2871e+05,78416,0
4599,4.2873e+05,78398,0
4600,4.2875e+05,78381,0
4601,4.2877e+05,78363,0
4602,4.2879e+05,78345,0
4603,4.288e+05,78327,0
4604,4.2882e+05,78309,0
4605,4.2884e+05,78291,0
4606,4.2886e+05,78274,0
4607,4.2888e+05,78256,0
4608,4.2889e+05,78238,0
4609,4.2891e+05,78220,0
4610,4.2893e+05,78202,0
4611,4.2895e+05,78184,0
4612,4.2897e+05,78166,0
4613,4.2899e+05,78148,0
4614,4.29e+05,78131,0
4615,4.2902e+05,78113,0
4616,4.2904e+05,78095,0
4617,4.2906e+05,78077,0
4618,4.2908e+05,78059,0
4619,4.291e+05,78041,0
4620,4.2911e+05,78023,0
4621,4.2913e+05,78005,0
4622,4.2915e+05,77987,0
4623,4.2917e+05,77969,0
4624,4.2919e+05,77951,0
4625,4.292e+05,77933,0
4626,4.2922e+05,77915,0
4627,4.2924e+05,77897,0
4628,4.2926e+05,77879,0
4629,4.2928e+05,77861,0
4630,4.293e+05,77843,0
4631,4.2931e+05,77825,0
4632,4.2933e+05,77807,0
4633,4.2935e+05,77789,0
4634,4.2937e+05,77771,0
4635,4.2939e+05,77753,0
4636,4.294e+05,77735,0
4637,4.2942e+05,77717,0
4638,4.2944e+05,77699,0
4639,4.2946e+05,77681,0
4640,4.2948e+05,77662,0
4641,4.295e+05,77644,0
4642,4.2951e+05,77626,0
4643,4.2953e+05,77608,0
4644,4.2955e+05,77590,0
4645,4.2957e+05,77572,0
4646,4.2959e+05,77554,0
4647,4.296e+05,77536,0
4648,4.2962e+05,77518,0
4649,4.2964e+05,77499,0
4650,4.2966e+05,77481,0
4651,4.2968e+05,77463,0
4652,4.297e+05,77445,0
4653,4.2971e+05,77427,0
4654,4.2973e+05,77408,0
4655,4.2975e+05,77390,0
4656,4.2977e+05,77372,0
4657,4.2979e+05,77354,0
4658,4.298e+05,77336,0
4659,4.2982e+05,77317,0
4660,4.2984e+05,77299,0
4661,4.2986e+05,77281,0
4662,4.2988e+05,77263,0
4663,4.2989e+05,77245,0
4664,4.2991e+05,77226,0
4665,4.2993e+05,77208,0
4666,4.2995e+05,77190,0
4667,4.2997e+05,77171,0
4668,4.2998e+05,77153,0
4669,4.3e+05,77135,0
4670,4.3002e+05,77117,0
4671,4.3004e+05,77098,0
4672,4.3006e+05,77080,0
4673,4.3007e+05,77062,0
4674,4.3009e+05,77043,0
4675,4.3011e+05,77025,0
4676,4.3013e+05,77007,0
4677,4.3015e+05,76988,0
4678,4.3016e+05,76970,0
4679,4.3018e+05,76952,0
4680,4.302e+05,76933,0
4681,4.3022e+05,76915,0
4682,4.3024e+05,76897,0
4683,4.3025e+05,76878,0
4684,4.3027e+05,76860,0
4685,4.3029e+05,76841,0
4686,4.3031e+05,76823,0
4687,4.3033e+05,76805,0
4688,4.3034e+05,76786,0
4689,4.3036e+05,76768,0
4690,4.3038e+05,76749,0
4691,4.304e+05,76731,0
4692,4.3042e+05,76712,0
4693,4.3043e+05,76694,0
4694,4.3045e+05,76675,0
4695,4.3047e+05,76657,0
4696,4.3049e+05,76638,0
4697,4.3051e+05,76620,0
4698,4.3052e+05,76602,0
4699,4.3054e+05,76583,0
4700,4.3056e+05,76565,0
4701,4.3058e+05,76546,0
4702,4.306e+05,76528,0
4703,4.3061e+05,76509,0
4704,4.3063e+05,76490,0
4705,4.3065e+05,76472,0
4706,4.3067e+05,76453,0
4707,4.3069e+05,76435,0
4708,4.307e+05,76416,0
4709,4.3072e+05,76398,0
4710,4.3074e+05,76379,0
4711,4.3076e+05,76361,0
4712,4.3078e+05,76342,0
4713,4.3079e+05,76323,0
4714,4.3081e+05,76305,0
4715,4.3083e+05,76286,0
4716,4.3085e+05,76268,0
4717,4.3087e+05,76249,0
4718,4.3088e+05,76230,0
4719,4.309e+05,76212,0
4720,4.3092e+05,76193,0
4721,4.3094e+05,76174,0
4722,4.3095e+05,76156,0
4723,4.3097e+05,76137,0
4724,4.3099e+05,76118,0
4725,4.3101e+05,76100,0
4726,4.3103e+05,76081,0
4727,4.3104e+05,76062,0
4728,4.3106e+05,76044,0
4729,4.3108e+05,76025,0
4730,4.311e+05,76006,0
4731,4.3112e+05,75988,0
4732,4.3113e+05,75969,0
4733,4.3115e+05,75950,0
4734,4.3117e+05,75931,0
4735,4.3119e+05,75913,0
4736,4.312e+05,75894,0
4737,4.3122e+05,75875,0
4738,4.3124e+05,75856,0
4739,4.3126e+05,75838,0
4740,4.3128e+05,75819,0
4741,4.3129e+05,75800,0
4742,4.3131e+05,75781,0
4743,4.3133e+05,75763,0
4744,4.3135e+05,75744,0
4745,4.3136e+05,75725,0
4746,4.3138e+05,75706,0
4747,4.314e+05,75687,0
4748,4.3142e+05,75668,0
4749,4.3144e+05,75650,0
4750,4.3145e+05,75631,0
4751,4.3147e+05,75612,0
4752,4.3149e+05,75593,0
4753,4.3151e+05,75574,0
4754,4.3152e+05,75555,0
4755,4.3154e+05,75537,0
4756,4.3156e+05,75518,0
4757,4.3158e+05,75499,0
4758,4.316e+05,75480,0
4759,4.3161e+05,75461,0
4760,4.3163e+05,75442,0
4761,4.3165e+05,75423,0
4762,4.3167e+05,75404,0
4763,4.3168e+05,75385,0
4764,4.317e+05,75366,0
4765,4.3172e+05,75347,0
4766,4.3174e+05,75328,0
4767,4.3175e+05,75310,0
4768,4.3177e+05,75291,0
4769,4.3179e+05,75272,0
4770,4.3181e+05,75253,0
4771,4.3183e+05,75234,0
4772,4.3184e+05,75215,0
4773,4.3186e+05,75196,0
4774,4.3188e+05,75177,0
4775,4.319e+05,75158,0
4776,4.3191e+05,75139,0
4777,4.3193e+05,75120,0
4778,4.3195e+05,75101,0
4779,4.3197e+05,75082,0
4780,4.3198e+05,75062,0
4781,4.32e+05,75043,0
4782,4.3202e+05,75024,0
4783,4.3204e+05,75005,0
4784,4.3206e+05,74986,0
4785,4.3207e+05,74967,0
4786,4.3209e+05,74948,0
4787,4.3211e+05,74929,0
4788,4.3213e+05,74910,0
4789,4.3214e+05,74891,0
4790,4.3216e+05,74872,0
4791,4.3218e+05,74853,0
4792,4.322e+05,74833,0
4793,4.3221e+05,74814,0
4794,4.3223e+05,74795,0
4795,4.3225e+05,74776,0
4796,4.3227e+05,74757,0
4797,4.3228e+05,74738,0
4798,4.323e+05,74719,0
4799,4.3232e+05,74699,0
4800,4.3234e+05,74680,0
4801,4.3235e+05,74661,0
4802,4.3237e+05,74642,0
4803,4.3239e+05,74623,0
4804,4.3241e+05,74603,0
4805,4.3242e+05,74584,0
4806,4.3244e+05,74565,0
4807,4.3246e+05,74546,0
4808,4.3248e+05,74527,0
4809,4.325e+05,74507,0
4810,4.3251e+05,74488,0
4811,4.3253e+05,74469,0
4812,4.3255e+05,74450,0
4813,4.3257e+05,74430,0
4814,4.3258e+05,74411,0
4815,4.326e+05,74392,0
4816,4.3262e+05,74372,0
4817,4.3264e+05,74353,0
4818,4.3265e+05,74334,0
4819,4.3267e+05,74315,0
4820,4.3269e+05,74295,0
4821,4.3271e+05,74276,0
4822,4.3272e+05,74257,0
4823,4.3274e+05,74237,0
4824,4.3276e+05,74218,0
4825,4.3278e+05,74199,0
4826,4.3279e+05,74179,0
4827,4.3281e+05,74160,0
4828,4.3283e+05,74141,0
4829,4.3285e+05,74121,0
4830,4.3286e+05,74102,0
4831,4.3288e+05,74082,0
4832,4.329e+05,74063,0
4833,4.3292e+05,74044,0
4834,4.3293e+05,74024,0
4835,4.3295e+05,74005,0
4836,4.3297e+05,73985,0
4837,4.3299e+05,73966,0
4838,4.33e+05,73947,0
4839,4.3302e+05,73927,0
4840,4.3304e+05,73908,0
4841,4.3305e+05,73888,0
4842,4.3307e+05,73869,0
4843,4.3309e+05,73849,0
4844,4.3311e+05,73830,0
4845,4.3312e+05,73810,0
4846,4.3314e+05,73791,0
4847,4.3316e+05,73771,0
4848,4.3318e+05,73752,0
4849,4.3319e+05,73732,0
4850,4.3321e+05,73713,0
4851,4.3323e+05,73693,0
4852,4.3325e+05,73674,0
4853,4.3326e+05,73654,0
4854,4.3328e+05,73635,0
4855,4.333e+05,73615,0
4856,4.3332e+05,73596,0
4857,4.3333e+05,73576,0
4858,4.3335e+05,73557,0
4859,4.3337e+05,73537,0
4860,4.3339e+05,73517,0
4861,4.334e+05,73498,0
4862,4.3342e+05,73478,0
4863,4.3344e+05,73459,0
4864,4.3345e+05,73439,0
4865,4.3347e+05,73419,0
4866,4.3349e+05,73400,0
4867,4.3351e+05,73380,0
4868,4.3352e+05,73361,0
4869,4.3354e+05,73341,0
4870,4.3356e+05,73321,0
4871,4.3358e+05,73302,0
4872,4.3359e+05,73282,0
4873,4.3361e+05,73262,0
4874,4.3363e+05,73243,0
4875,4.3365e+05,73223,0
4876,4.3366e+05,73203,0
4877,4.3368e+05,73184,0
4878,4.337e+05,73164,0
4879,4.3371e+05,73144,0
4880,4.3373e+05,73124,0
4881,4.3375e+05,73105,0
4882,4.3377e+05,73085,0
4883,4.3378e+05,73065,0
4884,4.338e+05,73046,0
4885,4.3382e+05,73026,0
4886,4.3384e+05,73006,0
4887,4.3385e+05,72986,0
4888,4.3387e+05,72967,0
4889,4.3389e+05,72947,0
4890,4.339e+05,72927,0
4891,4.3392e+05,72907,0
4892,4.3394e+05,72887,0
4893,4.3396e+05,72868,0
4894,4.3397e+05,72848,0
4895,4.3399e+05,72828,0
4896,4.3401e+05,72808,0
4897,4.3402e+05,72788,0
4898,4.3404e+05,72769,0
4899,4.3406e+05,72749,0
4900,4.3408e+05,72729,0
4901,4.3409e+05,72709,0
4902,4.3411e+05,72689,0
4903,4.3413e+05,72669,0
4904,4.3415e+05,72649,0
4905,4.3416e+05,72630,0
4906,4.3418e+05,72610,0
4907,4.342e+05,72590,0
4908,4.3421e+05,72570,0
4909,4.3423e+05,72550,0
4910,4.3425e+05,72530,0
4911,4.3427e+05,72510,0
4912,4.3428e+05,72490,0
4913,4.343e+05,72470,0
4914,4.3432e+05,72450,0
4915,4.3433e+05,72430,0
4916,4.3435e+05,72410,0
4917,4.3437e+05,72391,0
4918,4.3439e+05,72371,0
4919,4.344e+05,72351,0
4920,4.3442e+05,72331,0
4921,4.3444e+05,72311,0
4922,4.3445e+05,72291,0
4923,4.3447e+05,72271,0
4924,4.3449e+05,72251,0
4925,4.3451e+05,72231,0
4926,4.3452e+05,72211,0
4927,4.3454e+05,72191,0
4928,4.3456e+05,72171,0
4929,4.3457e+05,72151,0
4930,4.3459e+05,72131,0
4931,4.3461e+05,72111,0
4932,4.3462e+05,72090,0
4933,4.3464e+05,72070,0
4934,4.3466e+05,72050,0
4935,4.3468e+05,72030,0
4936,4.3469e+05,72010,0
4937,4.3471e+05,71990,0
4938,4.3473e+05,71970,0
4939,4.3474e+05,71950,0
4940,4.3476e+05,71930,0
4941,4.3478e+05,71910,0
4942,4.348e+05,71890,0
4943,4.3481e+05,71869,0
4944,4.3483e+05,71849,0
4945,4.3485e+05,71829,0
4946,4.3486e+05,71809,0
4947,4.3488e+05,71789,0
4948,4.349e+05,71769,0
4949,4.3491e+05,71749,0
4950,4.3493e+05,71728,0
4951,4.3495e+05,71708,0
4952,4.3497e+05,71688,0
4953,4.3498e+05,71668,0
4954,4.35e+05,71648,0
4955,4.3502e+05,71627,0
4956,4.3503e+05,71607,0
4957,4.3505e+05,71587,0
4958,4.3507e+05,71567,0
4959,4.3508e+05,71547,0
4960,4.351e+05,71526,0
4961,4.3512e+05,71506,0
4962,4.3514e+05,71486,0
4963,4.3515e+05,71466,0
4964,4.3517e+05,71445,0
4965,4.3519e+05,71425,0
4966,4.352e+05,71405,0
4967,4.3522e+05,71385,0
4968,4.3524e+05,71364,0
4969,4.3525e+05,71344,0
4970,4.3527e+05,71324,0
4971,4.3529e+05,71303,0
4972,4.353e+05,71283,0
4973,4.3532e+05,71263,0
4974,4.3534e+05,71242,0
4975,4.3536e+05,71222,0
4976,4.3537e+05,71202,0
4977,4.3539e+05,71181,0
4978,4.3541e+05,71161,0
4979,4.3542e+05,71141,0
4980,4.3544e+05,71120,0
4981,4.3546e+05,71100,0
4982,4.3547e+05,71080,0
4983,4.3549e+05,71059,0
4984,4.3551e+05,71039,0
4985,4.3552e+05,71018,0
4986,4.3554e+05,70998,0
4987,4.3556e+05,70978,0
4988,4.3557e+05,70957,0
4989,4.3559e+05,70937,0
4990,4.3561e+05,70916,0
4991,4.3563e+05,70896,0
4992,4.3564e+05,70875,0
4993,4.3566e+05,70855,0
4994,4.3568e+05,70835,0
4995,4.3569e+05,70814,0
4996,4.3571e+05,70794,0
4997,4.3573e+05,70773,0
4998,4.3574e+05,70753,0
4999,4.3576e+05,70732,0
5000,4.3578e+05,70712,0
5001,4.3579e+05,70691,0
5002,4.3581e+05,70671,0
5003,4.3583e+05,70650,0
5004,4.3584e+05,70630,0
5005,4.3586e+05,70609,0
5006,4.3588e+05,70589,0
5007,4.3589e+05,70568,0
5008,4.3591e+05,70547,0
5009,4.3593e+05,70527,0
5010,4.3594e+05,70506,0
5011,4.3596e+05,70486,0
5012,4.3598e+05,70465,0
5013,4.3599e+05,70445,0
5014,4.3601e+05,70424,0
5015,4.3603e+05,70403,0
5016,4.3604e+05,70383,0
5017,4.3606e+05,70362,0
5018,4.3608e+05,70342,0
5019,4.3609e+05,70321,0
5020,4.3611e+05,70300,0
5021,4.3613e+05,70280,0
5022,4.3614e+05,70259,0
5023,4.3616e+05,70239,0
5024,4.3618e+05,70218,0
5025,4.362e+05,70197,0
5026,4.3621e+05,70177,0
5027,4.3623e+05,70156,0
5028,4.3625e+05,70135,0
5029,4.3626e+05,70115,0
5030,4.3628e+05,70094,0
5031,4.363e+05,70073,0
5032,4.3631e+05,70052,0
5033,4.3633e+05,70032,0
5034,4.3635e+05,70011,0
5035,4.3636e+05,69990,0
5036,4.3638e+05,69970,0
5037,4.364e+05,69949,0
5038,4.3641e+05,69928,0
5039,4.3643e+05,69907,0
5040,4.3645e+05,69887,0
5041,4.3646e+05,69866,0
5042,4.3648e+05,69845,0
5043,4.3649e+05,69824,0
5044,4.3651e+05,69804,0
5045,4.3653e+05,69783,0
5046,4.3654e+05,69762,0
5047,4.3656e+05,69741,0
5048,4.3658e+05,69720,0
5049,4.3659e+05,69700,0
5050,4.3661e+05,69679,0
5051,4.3663e+05,69658,0
5052,4.3664e+05,69637,0
5053,4.3666e+05,69616,0
5054,4.3668e+05,69595,0
5055,4.3669e+05,69575,0
5056,4.3671e+05,69554,0
5057,4.3673e+05,69533,0
5058,4.3674e+05,69512,0
5059,4.3676e+05,69491,0
5060,4.3678e+05,69470,0
5061,4.3679e+05,69449,0
5062,4.3681e+05,69429,0
5063,4.3683e+05,69408,0
5064,4.3684e+05,69387,0
5065,4.3686e+05,69366,0
5066,4.3688e+05,69345,0
5067,4.3689e+05,69324,0
5068,4.3691e+05,69303,0
5069,4.3693e+05,69282,0
5070,4.3694e+05,69261,0
5071,4.3696e+05,69240,0
5072,4.3698e+05,69219,0
5073,4.3699e+05,69198,0
5074,4.3701e+05,69177,0
5075,4.3702e+05,69156,0
5076,4.3704e+05,69135,0
5077,4.3706e+05,69114,0
5078,4.3707e+05,69093,0
5079,4.3709e+05,69072,0
5080,4.3711e+05,69051,0
5081,4.3712e+05,69030,0
5082,4.3714e+05,69009,0
5083,4.3716e+05,68988,0
5084,4.3717e+05,68967,0
5085,4.3719e+05,68946,0
5086,4.3721e+05,68925,0
5087,4.3722e+05,68904,0
5088,4.3724e+05,68883,0
5089,4.3725e+05,68862,0
5090,4.3727e+05,68841,0
5091,4.3729e+05,68820,0
5092,4.373e+05,68799,0
5093,4.3732e+05,68778,0
5094,4.3734e+05,68757,0
5095,4.3735e+05,68736,0
5096,4.3737e+05,68714,0
5097,4.3739e+05,68693,0
5098,4.374e+05,68672,0
5099,4.3742e+05,68651,0
5100,4.3744e+05,68630,0
5101,4.3745e+05,68609,0
5102,4.3747e+05,68588,0
5103,4.3748e+05,68567,0
5104,4.375e+05,68545,0
5105,4.3752e+05,68524,0
5106,4.3753e+05,68503,0
5107,4.3755e+05,68482,0
5108,4.3757e+05,68461,0
5109,4.3758e+05,68439,0
5110,4.376e+05,68418,0
5111,4.3762e+05,68397,0
5112,4.3763e+05,68376,0
5113,4.3765e+05,68355,0
5114,4.3766e+05,68333,0
5115,4.3768e+05,68312,0
5116,4.377e+05,68291,0
5117,4.3771e+05,68270,0
5118,4.3773e+05,68249,0
5119,4.3775e+05,68227,0
5120,4.3776e+05,68206,0
5121,4.3778e+05,68185,0
5122,4.3779e+05,68163,0
5123,4.3781e+05,68142,0
5124,4.3783e+05,68121,0
5125,4.3784e+05,68100,0
5126,4.3786e+05,68078,0
5127,4.3788e+05,68057,0
5128,4.3789e+05,68036,0
5129,4.3791e+05,68014,0
5130,4.3792e+05,67993,0
5131,4.3794e+05,67972,0
5132,4.3796e+05,67950,0
5133,4.3797e+05,67929,0
5134,4.3799e+05,67908,0
5135,4.3801e+05,67886,0
5136,4.3802e+05,67865,0
5137,4.3804e+05,67844,0
5138,4.3805e+05,67822,0
5139,4.3807e+05,67801,0
5140,4.3809e+05,67780,0
5141,4.381e+05,67758,0
5142,4.3812e+05,67737,0
5143,4.3814e+05,67715,0
5144,4.3815e+05,67694,0
5145,4.3817e+05,67673,0
5146,4.3818e+05,67651,0
5147,4.382e+05,67630,0
5148,4.3822e+05,67608,0
5149,4.3823e+05,67587,0
5150,4.3825e+05,67565,0
5151,4.3826e+05,67544,0
5152,4.3828e+05,67522,0
5153,4.383e+05,67501,0
5154,4.3831e+05,67479,0
5155,4.3833e+05,67458,0
5156,4.3835e+05,67437,0
5157,4.3836e+05,67415,0
5158,4.3838e+05,67394,0
5159,4.3839e+05,67372,0
5160,4.3841e+05,67351,0
5161,4.3843e+05,67329,0
5162,4.3844e+05,67307,0
5163,4.3846e+05,67286,0
5164,4.3847e+05,67264,0
5165,4.3849e+05,67243,0
5166,4.3851e+05,67221,0
5167,4.3852e+05,67200,0
5168,4.3854e+05,67178,0
5169,4.3855e+05,67157,0
5170,4.3857e+05,67135,0
5171,4.3859e+05,67114,0
5172,4.386e+05,67092,0
5173,4.3862e+05,67070,0
5174,4.3864e+05,67049,0
5175,4.3865e+05,67027,0
5176,4.3867e+05,67006,0
5177,4.3868e+05,66984,0
5178,4.387e+05,66962,0
5179,4.3872e+05,66941,0
5180,4.3873e+05,66919,0
5181,4.3875e+05,66897,0
5182,4.3876e+05,66876,0
5183,4.3878e+05,66854,0
5184,4.388e+05,66832,0
5185,4.3881e+05,66811,0
5186,4.3883e+05,66789,0
5187,4.3884e+05,66767,0
5188,4.3886e+05,66746,0
5189,4.3888e+05,66724,0
5190,4.3889e+05,66702,0
5191,4.3891e+05,66681,0
5192,4.3892e+05,66659,0
5193,4.3894e+05,66637,0
5194,4.3896e+05,66616,0
5195,4.3897e+05,66594,0
5196,4.3899e+05,66572,0
5197,4.39e+05,66550,0
5198,4.3902e+05,66529,0
5199,4.3904e+05,66507,0
5200,4.3905e+05,66485,0
5201,4.3907e+05,66463,0
5202,4.3908e+05,66442,0
5203,4.391e+05,66420,0
5204,4.3911e+05,66398,0
5205,4.3913e+05,66376,0
5206,4.3915e+05,66354,0
5207,4.3916e+05,66333,0
5208,4.3918e+05,66311,0
5209,4.3919e+05,66289,0
5210,4.3921e+05,66267,0
5211,4.3923e+05,66245,0
5212,4.3924e+05,66224,0
5213,4.3926e+05,66202,0
5214,4.3927e+05,66180,0
5215,4.3929e+05,66158,0
5216,4.3931e+05,66136,0
5217,4.3932e+05,66114,0
5218,4.3934e+05,66092,0
5219,4.3935e+05,66071,0
5220,4.3937e+05,66049,0
5221,4.3938e+05,66027,0
5222,4.394e+05,66005,0
5223,4.3942e+05,65983,0
5224,4.3943e+05,65961,0
5225,4.3945e+05,65939,0
5226,4.3946e+05,65917,0
5227,4.3948e+05,65895,0
5228,4.395e+05,65873,0
5229,4.3951e+05,65851,0
5230,4.3953e+05,65830,0
5231,4.3954e+05,65808,0
5232,4.3956e+05,65786,0
5233,4.3957e+05,65764,0
5234,4.3959e+05,65742,0
5235,4.3961e+05,65720,0
5236,4.3962e+05,65698,0
5237,4.3964e+05,65676,0
5238,4.3965e+05,65654,0
5239,4.3967e+05,65632,0
5240,4.3968e+05,65610,0
5241,4.397e+05,65588,0
5242,4.3972e+05,65566,0
5243,4.3973e+05,65544,0
5244,4.3975e+05,65522,0
5245,4.3976e+05,65500,0
5246,4.3978e+05,65478,0
5247,4.3979e+05,65456,0
5248,4.3981e+05,65434,0
5249,4.3983e+05,65411,0
5250,4.3984e+05,65389,0
5251,4.3986e+05,65367,0
5252,4.3987e+05,65345,0
5253,4.3989e+05,65323,0
5254,4.399e+05,65301,0
5255,4.3992e+05,65279,0
5256,4.3994e+05,65257,0
5257,4.3995e+05,65235,0
5258,4.3997e+05,65213,0
5259,4.3998e+05,65191,0
5260,4.4e+05,65168,0
5261,4.4001e+05,65146,0
5262,4.4003e+05,65124,0
5263,4.4005e+05,65102,0
5264,4.4006e+05,65080,0
5265,4.4008e+05,65058,0
5266,4.4009e+05,65036,0
5267,4.4011e+05,65013,0
5268,4.4012e+05,64991,0
5269,4.4014e+05,64969,0
5270,4.4016e+05,64947,0
5271,4.4017e+05,64925,0
5272,4.4019e+05,64902,0
5273,4.402e+05,64880,0
5274,4.4022e+05,64858,0
5275,4.4023e+05,64836,0
5276,4.4025e+05,64814,0
5277,4.4026e+05,64791,0
5278,4.4028e+05,64769,0
5279,4.403e+05,64747,0
5280,4.4031e+05,64725,0
5281,4.4033e+05,64702,0
5282,4.4034e+05,64680,0
5283,4.4036e+05,64658,0
5284,4.4037e+05,64636,0
5285,4.4039e+05,64613,0
5286,4.404e+05,64591,0
5287,4.4042e+05,64569,0
5288,4.4044e+05,64546,0
5289,4.4045e+05,64524,0
5290,4.4047e+05,64502,0
5291,4.4048e+05,64480,0
5292,4.405e+05,64457,0
5293,4.4051e+05,64435,0
5294,4.4053e+05,64413,0
5295,4.4054e+05,64390,0
5296,4.4056e+05,64368,0
5297,4.4058e+05,64346,0
5298,4.4059e+05,64323,0
5299,4.4061e+05,64301,0
5300,4.4062e+05,64278,0
5301,4.4064e+05,64256,0
5302,4.4065e+05,64234,0
5303,4.4067e+05,64211,0
5304,4.4068e+05,64189,0
5305,4.407e+05,64167,0
5306,4.4071e+05,64144,0
5307,4.4073e+05,64122,0
5308,4.4075e+05,64099,0
5309,4.4076e+05,64077,0
5310,4.4078e+05,64054,0
5311,4.4079e+05,64032,0
5312,4.4081e+05,64010,0
5313,4.4082e+05,63987,0
5314,4.4084e+05,63965,0
5315,4.4085e+05,63942,0
5316,4.4087e+05,63920,0
5317,4.4088e+05,63897,0
5318,4.409e+05,63875,0
5319,4.4091e+05,63852,0
5320,4.4093e+05,63830,0
5321,4.4095e+05,63807,0
5322,4.4096e+05,63785,0
5323,4.4098e+05,63762,0
5324,4.4099e+05,63740,0
5325,4.4101e+05,63717,0
5326,4.4102e+05,63695,0
5327,4.4104e+05,63672,0
5328,4.4105e+05,63650,0
5329,4.4107e+05,63627,0
5330,4.4108e+05,63605,0
5331,4.411e+05,63582,0
5332,4.4111e+05,63560,0
5333,4.4113e+05,63537,0
5334,4.4114e+05,63514,0
5335,4.4116e+05,63492,0
5336,4.4118e+05,63469,0
5337,4.4119e+05,63447,0
5338,4.4121e+05,63424,0
5339,4.4122e+05,63402,0
5340,4.4124e+05,63379,0
5341,4.4125e+05,63356,0
5342,4.4127e+05,63334,0
5343,4.4128e+05,63311,0
5344,4.413e+05,63288,0
5345,4.4131e+05,63266,0
5346,4.4133e+05,63243,0
5347,4.4134e+05,63220,0
5348,4.4136e+05,63198,0
5349,4.4137e+05,63175,0
5350,4.4139e+05,63153,0
5351,4.414e+05,63130,0
5352,4.4142e+05,63107,0
5353,4.4144e+05,63084,0
5354,4.4145e+05,63062,0
5355,4.4147e+05,63039,0
5356,4.4148e+05,63016,0
5357,4.415e+05,62994,0
5358,4.4151e+05,62971,0
5359,4.4153e+05,62948,0
5360,4.4154e+05,62926,0
5361,4.4156e+05,62903,0
5362,4.4157e+05,62880,0
5363,4.4159e+05,62857,0
5364,4.416e+05,62835,0
5365,4.4162e+05,62812,0
5366,4.4163e+05,62789,0
5367,4.4165e+05,62766,0
5368,4.4166e+05,62744,0
5369,4.4168e+05,62721,0
5370,4.4169e+05,62698,0
5371,4.4171e+05,62675,0
5372,4.4172e+05,62652,0
5373,4.4174e+05,62630,0
5374,4.4175e+05,62607,0
5375,4.4177e+05,62584,0
5376,4.4178e+05,62561,0
5377,4.418e+05,62538,0
5378,4.4181e+05,62515,0
5379,4.4183e+05,62493,0
5380,4.4184e+05,62470,0
5381,4.4186e+05,62447,0
5382,4.4187e+05,62424,0
5383,4.4189e+05,62401,0
5384,4.419e+05,62378,0
5385,4.4192e+05,62355,0
5386,4.4193e+05,62333,0
5387,4.4195e+05,62310,0
5388,4.4196e+05,62287,0
5389,4.4198e+05,62264,0
5390,4.4199e+05,62241,0
5391,4.4201e+05,62218,0
5392,4.4202e+05,62195,0
5393,4.4204e+05,62172,0
5394,4.4206e+05,62149,0
5395,4.4207e+05,62126,0
5396,4.4209e+05,62103,0
5397,4.421e+05,62081,0
5398,4.4212e+05,62058,0
5399,4.4213e+05,62035,0
5400,4.4215e+05,62012,0
5401,4.4216e+05,61989,0
5402,4.4218e+05,61966,0
5403,4.4219e+05,61943,0
5404,4.4221e+05,61920,0
5405,4.4222e+05,61897,0
5406,4.4223e+05,61874,0
5407,4.4225e+05,61851,0
5408,4.4226e+05,61828,0
5409,4.4228e+05,61805,0
5410,4.4229e+05,61782,0
5411,4.4231e+05,61759,0
5412,4.4232e+05,61736,0
5413,4.4234e+05,61713,0
5414,4.4235e+05,61690,0
5415,4.4237e+05,61667,0
5416,4.4238e+05,61644,0
5417,4.424e+05,61620,0
5418,4.4241e+05,61597,0
5419,4.4243e+05,61574,0
5420,4.4244e+05,61551,0
5421,4.4246e+05,61528,0
5422,4.4247e+05,61505,0
5423,4.4249e+05,61482,0
5424,4.425e+05,61459,0
5425,4.4252e+05,61436,0
5426,4.4253e+05,61413,0
5427,4.4255e+05,61390,0
5428,4.4256e+05,61366,0
5429,4.4258e+05,61343,0
5430,4.4259e+05,61320,0
5431,4.4261e+05,61297,0
5432,4.4262e+05,61274,0
5433,4.4264e+05,61251,0
5434,4.4265e+05,61228,0
5435,4.4267e+05,61204,0
5436,4.4268e+05,61181,0
5437,4.427e+05,61158,0
5438,4.4271e+05,61135,0
5439,4.4273e+05,61112,0
5440,4.4274e+05,61088,0
5441,4.4276e+05,61065,0
5442,4.4277e+05,61042,0
5443,4.4279e+05,61019,0
5444,4.428e+05,60996,0
5445,4.4281e+05,60972,0
5446,4.4283e+05,60949,0
5447,4.4284e+05,60926,0
5448,4.4286e+05,60903,0
5449,4.4287e+05,60879,0
5450,4.4289e+05,60856,0
5451,4.429e+05,60833,0
5452,4.4292e+05,60810,0
5453,4.4293e+05,60786,0
5454,4.4295e+05,60763,0
5455,4.4296e+05,60740,0
5456,4.4298e+05,60717,0
5457,4.4299e+05,60693,0
5458,4.4301e+05,60670,0
5459,4.4302e+05,60647,0
5460,4.4304e+05,60623,0
5461,4.4305e+05,60600,0
5462,4.4307e+05,60577,0
5463,4.4308e+05,60553,0
5464,4.4309e+05,60530,0
5465,4.4311e+05,60507,0
5466,4.4312e+05,60483,0
5467,4.4314e+05,60460,0
5468,4.4315e+05,60437,0
5469,4.4317e+05,60413,0
5470,4.4318e+05,60390,0
5471,4.432e+05,60367,0
5472,4.4321e+05,60343,0
5473,4.4323e+05,60320,0
5474,4.4324e+05,60296,0
5475,4.4326e+05,60273,0
5476,4.4327e+05,60250,0
5477,4.4328e+05,60226,0
5478,4.433e+05,60203,0
5479,4.4331e+05,60179,0
5480,4.4333e+05,60156,0
5481,4.4334e+05,60133,0
5482,4.4336e+05,60109,0
5483,4.4337e+05,60086,0
5484,4.4339e+05,60062,0
5485,4.434e+05,60039,0
5486,4.4342e+05,60015,0
5487,4.4343e+05,59992,0
5488,4.4345e+05,59968,0
5489,4.4346e+05,59945,0
5490,4.4347e+05,59921,0
5491,4.4349e+05,59898,0
5492,4.435e+05,59874,0
5493,4.4352e+05,59851,0
5494,4.4353e+05,59827,0
5495,4.4355e+05,59804,0
5496,4.4356e+05,59780,0
5497,4.4358e+05,59757,0
5498,4.4359e+05,59733,0
5499,4.436e+05,59710,0
5500,4.4362e+05,59686,0
5501,4.4363e+05,59663,0
5502,4.4365e+05,59639,0
5503,4.4366e+05,59616,0
5504,4.4368e+05,59592,0
5505,4.4369e+05,59568,0
5506,4.4371e+05,59545,0
5507,4.4372e+05,59521,0
5508,4.4374e+05,59498,0
5509,4.4375e+05,59474,0
5510,4.4376e+05,59451,0
5511,4.4378e+05,59427,0
5512,4.4379e+05,59403,0
5513,4.4381e+05,59380,0
5514,4.4382e+05,59356,0
5515,4.4384e+05,59332,0
5516,4.4385e+05,59309,0
5517,4.4387e+05,59285,0
5518,4.4388e+05,59262,0
5519,4.4389e+05,59238,0
5520,4.4391e+05,59214,0
5521,4.4392e+05,59191,0
5522,4.4394e+05,59167,0
5523,4.4395e+05,59143,0
5524,4.4397e+05,59120,0
5525,4.4398e+05,59096,0
5526,4.4399e+05,59072,0
5527,4.4401e+05,59049,0
5528,4.4402e+05,59025,0
5529,4.4404e+05,59001,0
5530,4.4405e+05,58977,0
5531,4.4407e+05,58954,0
5532,4.4408e+05,58930,0
5533,4.4409e+05,58906,0
5534,4.4411e+05,58883,0
5535,4.4412e+05,58859,0
5536,4.4414e+05,58835,0
5537,4.4415e+05,58811,0
5538,4.4417e+05,58788,0
5539,4.4418e+05,58764,0
5540,4.442e+05,58740,0
5541,4.4421e+05,58716,0
5542,4.4422e+05,58693,0
5543,4.4424e+05,58669,0
5544,4.4425e+05,58645,0
5545,4.4427e+05,58621,0
5546,4.4428e+05,58597,0
5547,4.4429e+05,58574,0
5548,4.4431e+05,58550,0
5549,4.4432e+05,58526,0
5550,4.4434e+05,58502,0
5551,4.4435e+05,58478,0
5552,4.4437e+05,58454,0
5553,4.4438e+05,58431,0
5554,4.4439e+05,58407,0
5555,4.4441e+05,58383,0
5556,4.4442e+05,58359,0
5557,4.4444e+05,58335,0
5558,4.4445e+05,58311,0
5559,4.4447e+05,58287,0
5560,4.4448e+05,58264,0
5561,4.4449e+05,58240,0
5562,4.4451e+05,58216,0
5563,4.4452e+05,58192,0
5564,4.4454e+05,58168,0
5565,4.4455e+05,58144,0
5566,4.4456e+05,58120,0
5567,4.4458e+05,58096,0
5568,4.4459e+05,58072,0
5569,4.4461e+05,58048,0
5570,4.4462e+05,58024,0
5571,4.4464e+05,58001,0
5572,4.4465e+05,57977,0
5573,4.4466e+05,57953,0
5574,4.4468e+05,57929,0
5575,4.4469e+05,57905,0
5576,4.4471e+05,57881,0
5577,4.4472e+05,57857,0
5578,4.4473e+05,57833,0
5579,4.4475e+05,57809,0
5580,4.4476e+05,57785,0
5581,4.4478e+05,57761,0
5582,4.4479e+05,57737,0
5583,4.448e+05,57713,0
5584,4.4482e+05,57689,0
5585,4.4483e+05,57665,0
5586,4.4485e+05,57641,0
5587,4.4486e+05,57617,0
5588,4.4487e+05,57593,0
5589,4.4489e+05,57569,0
5590,4.449e+05,57545,0
5591,4.4492e+05,57521,0
5592,4.4493e+05,57497,0
5593,4.4494e+05,57472,0
5594,4.4496e+05,57448,0
5595,4.4497e+05,57424,0
5596,4.4499e+05,57400,0
5597,4.45e+05,57376,0
5598,4.4501e+05,57352,0
5599,4.4503e+05,57328,0
5600,4.4504e+05,57304,0
5601,4.4506e+05,57280,0
5602,4.4507e+05,57256,0
5603,4.4508e+05,57232,0
5604,4.451e+05,57207,0
5605,4.4511e+05,57183,0
5606,4.4513e+05,57159,0
5607,4.4514e+05,57135,0
5608,4.4515e+05,57111,0
5609,4.4517e+05,57087,0
5610,4.4518e+05,57063,0
5611,4.452e+05,57038,0
5612,4.4521e+05,57014,0
5613,4.4522e+05,56990,0
5614,4.4524e+05,56966,0
5615,4.4525e+05,56942,0
5616,4.4527e+05,56918,0
5617,4.4528e+05,56893,0
5618,4.4529e+05,56869,0
5619,4.4531e+05,56845,0
5620,4.4532e+05,56821,0
5621,4.4534e+05,56797,0
5622,4.4535e+05,56772,0
5623,4.4536e+05,56748,0
5624,4.4538e+05,56724,0
5625,4.4539e+05,56700,0
5626,4.454e+05,56675,0
5627,4.4542e+05,56651,0
5628,4.4543e+05,56627,0
5629,4.4545e+05,56603,0
5630,4.4546e+05,56578,0
5631,4.4547e+05,56554,0
5632,4.4549e+05,56530,0
5633,4.455e+05,56506,0
5634,4.4551e+05,56481,0
5635,4.4553e+05,56457,0
5636,4.4554e+05,56433,0
5637,4.4556e+05,56408,0
5638,4.4557e+05,56384,0
5639,4.4558e+05,56360,0
5640,4.456e+05,56335,0
5641,4.4561e+05,56311,0
5642,4.4562e+05,56287,0
5643,4.4564e+05,56262,0
5644,4.4565e+05,56238,0
5645,4.4567e+05,56214,0
5646,4.4568e+05,56189,0
5647,4.4569e+05,56165,0
5648,4.4571e+05,56141,0
5649,4.4572e+05,56116,0
5650,4.4573e+05,56092,0
5651,4.4575e+05,56068,0
5652,4.4576e+05,56043,0
5653,4.4578e+05,56019,0
5654,4.4579e+05,55994,0
5655,4.458e+05,55970,0
5656,4.4582e+05,55946,0
5657,4.4583e+05,55921,0
5658,4.4584e+05,55897,0
5659,4.4586e+05,55872,0
5660,4.4587e+05,55848,0
5661,4.4589e+05,55823,0
5662,4.459e+05,55799,0
5663,4.4591e+05,55775,0
5664,4.4593e+05,55750,0
5665,4.4594e+05,55726,0
5666,4.4595e+05,55701,0
5667,4.4597e+05,55677,0
5668,4.4598e+05,55652,0
5669,4.4599e+05,55628,0
5670,4.4601e+05,55603,0
5671,4.4602e+05,55579,0
5672,4.4604e+05,55554,0
5673,4.4605e+05,55530,0
5674,4.4606e+05,55505,0
5675,4.4608e+05,55481,0
5676,4.4609e+05,55456,0
5677,4.461e+05,55432,0
5678,4.4612e+05,55407,0
5679,4.4613e+05,55383,0
5680,4.4614e+05,55358,0
5681,4.4616e+05,55334,0
5682,4.4617e+05,55309,0
5683,4.4618e+05,55285,0
5684,4.462e+05,55260,0
5685,4.4621e+05,55235,0
5686,4.4622e+05,55211,0
5687,4.4624e+05,55186,0
5688,4.4625e+05,55162,0
5689,4.4627e+05,55137,0
5690,4.4628e+05,55113,0
5691,4.4629e+05,55088,0
5692,4.4631e+05,55063,0
5693,4.4632e+05,55039,0
5694,4.4633e+05,55014,0
5695,4.4635e+05,54990,0
5696,4.4636e+05,54965,0
5697,4.4637e+05,54940,0
5698,4.4639e+05,54916,0
5699,4.464e+05,54891,0
5700,4.4641e+05,54866,0
5701,4.4643e+05,54842,0
5702,4.4644e+05,54817,0
5703,4.4645e+05,54792,0
5704,4.4647e+05,54768,0
5705,4.4648e+05,54743,0
5706,4.4649e+05,54718,0
5707,4.4651e+05,54694,0
5708,4.4652e+05,54669,0
5709,4.4653e+05,54644,0
5710,4.4655e+05,54620,0
5711,4.4656e+05,54595,0
5712,4.4657e+05,54570,0
5713,4.4659e+05,54546,0
5714,4.466e+05,54521,0
5715,4.4661e+05,54496,0
5716,4.4663e+05,54471,0
5717,4.4664e+05,54447,0
5718,4.4665e+05,54422,0
5719,4.4667e+05,54397,0
5720,4.4668e+05,54372,0
5721,4.4669e+05,54348,0
5722,4.4671e+05,54323,0
5723,4.4672e+05,54298,0
5724,4.4673e+05,54273,0
5725,4.4675e+05,54249,0
5726,4.4676e+05,54224,0
5727,4.4677e+05,54199,0
5728,4.4679e+05,54174,0
5729,4.468e+05,54149,0
5730,4.4681e+05,54125,0
5731,4.4683e+05,54100,0
5732,4.4684e+05,54075,0
5733,4.4685e+05,54050,0
5734,4.4687e+05,54025,0
5735,4.4688e+05,54001,0
5736,4.4689e+05,53976,0
5737,4.4691e+05,53951,0
5738,4.4692e+05,53926,0
5739,4.4693e+05,53901,0
5740,4.4695e+05,53876,0
5741,4.4696e+05,53852,0
5742,4.4697e+05,53827,0
5743,4.4699e+05,53802,0
5744,4.47e+05,53777,0
5745,4.4701e+05,53752,0
5746,4.4703e+05,53727,0
5747,4.4704e+05,53702,0
5748,4.4705e+05,53677,0
5749,4.4706e+05,53652,0
5750,4.4708e+05,53628,0
5751,4.4709e+05,53603,0
5752,4.471e+05,53578,0
5753,4.4712e+05,53553,0
5754,4.4713e+05,53528,0
5755,4.4714e+05,53503,0
5756,4.4716e+05,53478,0
5757,4.4717e+05,53453,0
5758,4.4718e+05,53428,0
5759,4.472e+05,53403,0
5760,4.4721e+05,53378,0
5761,4.4722e+05,53353,0
5762,4.4724e+05,53328,0
5763,4.4725e+05,53303,0
5764,4.4726e+05,53278,0
5765,4.4727e+05,53253,0
5766,4.4729e+05,53228,0
5767,4.473e+05,53203,0
5768,4.4731e+05,53178,0
5769,4.4733e+05,53153,0
5770,4.4734e+05,53128,0
5771,4.4735e+05,53103,0
5772,4.4737e+05,53078,0
5773,4.4738e+05,53053,0
5774,4.4739e+05,53028,0
5775,4.4741e+05,53003,0
5776,4.4742e+05,52978,0
5777,4.4743e+05,52953,0
5778,4.4744e+05,52928,0
5779,4.4746e+05,52903,0
5780,4.4747e+05,52878,0
5781,4.4748e+05,52853,0
5782,4.475e+05,52828,0
5783,4.4751e+05,52803,0
5784,4.4752e+05,52778,0
5785,4.4754e+05,52753,0
5786,4.4755e+05,52727,0
5787,4.4756e+05,52702,0
5788,4.4757e+05,52677,0
5789,4.4759e+05,52652,0
5790,4.476e+05,52627,0
5791,4.4761e+05,52602,0
5792,4.4763e+05,52577,0
5793,4.4764e+05,52552,0
5794,4.4765e+05,52527,0
5795,4.4766e+05,52501,0
5796,4.4768e+05,52476,0
5797,4.4769e+05,52451,0
5798,4.477e+05,52426,0
5799,4.4772e+05,52401,0
5800,4.4773e+05,52376,0
5801,4.4774e+05,52350,0
5802,4.4775e+05,52325,0
5803,4.4777e+05,52300,0
5804,4.4778e+05,52275,0
5805,4.4779e+05,52250,0
5806,4.4781e+05,52225,0
5807,4.4782e+05,52199,0
5808,4.4783e+05,52174,0
5809,4.4784e+05,52149,0
5810,4.4786e+05,52124,0
5811,4.4787e+05,52098,0
5812,4.4788e+05,52073,0
5813,4.479e+05,52048,0
5814,4.4791e+05,52023,0
5815,4.4792e+05,51998,0
5816,4.4793e+05,51972,0
5817,4.4795e+05,51947,0
5818,4.4796e+05,51922,0
5819,4.4797e+05,51897,0
5820,4.4799e+05,51871,0
5821,4.48e+05,51846,0
5822,4.4801e+05,51821,0
5823,4.4802e+05,51795,0
5824,4.4804e+05,51770,0
5825,4.4805e+05,51745,0
5826,4.4806e+05,51720,0
5827,4.4807e+05,51694,0
5828,4.4809e+05,51669,0
5829,4.481e+05,51644,0
5830,4.4811e+05,51618,0
5831,4.4813e+05,51593,0
5832,4.4814e+05,51568,0
5833,4.4815e+05,51542,0
5834,4.4816e+05,51517,0
5835,4.4818e+05,51492,0
5836,4.4819e+05,51466,0
5837,4.482e+05,51441,0
5838,4.4821e+05,51416,0
5839,4.4823e+05,51390,0
5840,4.4824e+05,51365,0
5841,4.4825e+05,51339,0
5842,4.4826e+05,51314,0
5843,4.4828e+05,51289,0
5844,4.4829e+05,51263,0
5845,4.483e+05,51238,0
5846,4.4832e+05,51212,0
5847,4.4833e+05,51187,0
5848,4.4834e+05,51162,0
5849,4.4835e+05,51136,0
5850,4.4837e+05,51111,0
5851,4.4838e+05,51085,0
5852,4.4839e+05,51060,0
5853,4.484e+05,51035,0
5854,4.4842e+05,51009,0
5855,4.4843e+05,50984,0
5856,4.4844e+05,50958,0
5857,4.4845e+05,50933,0
5858,4.4847e+05,50907,0
5859,4.4848e+05,50882,0
5860,4.4849e+05,50856,0
5861,4.485e+05,50831,0
5862,4.4852e+05,50805,0
5863,4.4853e+05,50780,0
5864,4.4854e+05,50754,0
5865,4.4855e+05,50729,0
5866,4.4857e+05,50703,0
5867,4.4858e+05,50678,0
5868,4.4859e+05,50652,0
5869,4.486e+05,50627,0
5870,4.4862e+05,50601,0
5871,4.4863e+05,50576,0
5872,4.4864e+05,50550,0
5873,4.4865e+05,50525,0
5874,4.4867e+05,50499,0
5875,4.4868e+05,50474,0
5876,4.4869e+05,50448,0
5877,4.487e+05,50423,0
5878,4.4872e+05,50397,0
5879,4.4873e+05,50372,0
5880,4.4874e+05,50346,0
5881,4.4875e+05,50320,0
5882,4.4877e+05,50295,0
5883,4.4878e+05,50269,0
5884,4.4879e+05,50244,0
5885,4.488e+05,50218,0
5886,4.4881e+05,50192,0
5887,4.4883e+05,50167,0
5888,4.4884e+05,50141,0
5889,4.4885e+05,50116,0
5890,4.4886e+05,50090,0
5891,4.4888e+05,50064,0
5892,4.4889e+05,50039,0
5893,4.489e+05,50013,0
5894,4.4891e+05,49987,0
5895,4.4893e+05,49962,0
5896,4.4894e+05,49936,0
5897,4.4895e+05,49910,0
5898,4.4896e+05,49885,0
5899,4.4898e+05,49859,0
5900,4.4899e+05,49833,0
5901,4.49e+05,49808,0
5902,4.4901e+05,49782,0
5903,4.4902e+05,49756,0
5904,4.4904e+05,49731,0
5905,4.4905e+05,49705,0
5906,4.4906e+05,49679,0
5907,4.4907e+05,49654,0
5908,4.4909e+05,49628,0
5909,4.491e+05,49602,0
5910,4.4911e+05,49577,0
5911,4.4912e+05,49551,0
5912,4.4913e+05,49525,0
5913,4.4915e+05,49499,0
5914,4.4916e+05,49474,0
5915,4.4917e+05,49448,0
5916,4.4918e+05,49422,0
5917,4.492e+05,49396,0
5918,4.4921e+05,49371,0
5919,4.4922e+05,49345,0
5920,4.4923e+05,49319,0
5921,4.4924e+05,49293,0
5922,4.4926e+05,49268,0
5923,4.4927e+05,49242,0
5924,4.4928e+05,49216,0
5925,4.4929e+05,49190,0
5926,4.4931e+05,49164,0
5927,4.4932e+05,49139,0
5928,4.4933e+05,49113,0
5929,4.4934e+05,49087,0
5930,4.4935e+05,49061,0
5931,4.4937e+05,49035,0
5932,4.4938e+05,49010,0
5933,4.4939e+05,48984,0
5934,4.494e+05,48958,0
5935,4.4941e+05,48932,0
5936,4.4943e+05,48906,0
5937,4.4944e+05,48880,0
5938,4.4945e+05,48854,0
5939,4.4946e+05,48829,0
5940,4.4947e+05,48803,0
5941,4.4949e+05,48777,0
5942,4.495e+05,48751,0
5943,4.4951e+05,48725,0
5944,4.4952e+05,48699,0
5945,4.4954e+05,48673,0
5946,4.4955e+05,48647,0
5947,4.4956e+05,48622,0
5948,4.4957e+05,48596,0
5949,4.4958e+05,48570,0
5950,4.496e+05,48544,0
5951,4.4961e+05,48518,0
5952,4.4962e+05,48492,0
5953,4.4963e+05,48466,0
5954,4.4964e+05,48440,0
5955,4.4966e+05,48414,0
5956,4.4967e+05,48388,0
5957,4.4968e+05,48362,0
5958,4.4969e+05,48336,0
5959,4.497e+05,48310,0
5960,4.4971e+05,48284,0
5961,4.4973e+05,48258,0
5962,4.4974e+05,48232,0
5963,4.4975e+05,48207,0
5964,4.4976e+05,48181,0
5965,4.4977e+05,48155,0
5966,4.4979e+05,48129,0
5967,4.498e+05,48103,0
5968,4.4981e+05,48077,0
5969,4.4982e+05,48051,0
5970,4.4983e+05,48025,0
5971,4.4985e+05,47999,0
5972,4.4986e+05,47973,0
5973,4.4987e+05,47946,0
5974,4.4988e+05,47920,0
5975,4.4989e+05,47894,0
5976,4.4991e+05,47868,0
5977,4.4992e+05,47842,0
5978,4.4993e+05,47816,0
5979,4.4994e+05,47790,0
5980,4.4995e+05,47764,0
5981,4.4996e+05,47738,0
5982,4.4998e+05,47712,0
5983,4.4999e+05,47686,0
5984,4.5e+05,47660,0
5985,4.5001e+05,47634,0
5986,4.5002e+05,47608,0
5987,4.5004e+05,47582,0
5988,4.5005e+05,47556,0
5989,4.5006e+05,47529,0
5990,4.5007e+05,47503,0
5991,4.5008e+05,47477,0
5992,4.5009e+05,47451,0
5993,4.5011e+05,47425,0
5994,4.5012e+05,47399,0
5995,4.5013e+05,47373,0
5996,4.5014e+05,47347,0
5997,4.5015e+05,47321,0
5998,4.5016e+05,47294,0
5999,4.5018e+05,47268,0
6000,4.5019e+05,47242,0
6001,4.502e+05,47216,0
6002,4.5021e+05,47190,0
6003,4.5022e+05,47164,0
6004,4.5023e+05,47137,0
6005,4.5025e+05,47111,0
6006,4.5026e+05,47085,0
6007,4.5027e+05,47059,0
6008,4.5028e+05,47033,0
6009,4.5029e+05,47007,0
6010,4.503e+05,46980,0
6011,4.5032e+05,46954,0
6012,4.5033e+05,46928,0
6013,4.5034e+05,46902,0
6014,4.5035e+05,46875,0
6015,4.5036e+05,46849,0
6016,4.5037e+05,46823,0
6017,4.5039e+05,46797,0
6018,4.504e+05,46771,0
6019,4.5041e+05,46744,0
6020,4.5042e+05,46718,0
6021,4.5043e+05,46692,0
6022,4.5044e+05,46666,0
6023,4.5046e+05,46639,0
6024,4.5047e+05,46613,0
6025,4.5048e+05,46587,0
6026,4.5049e+05,46560,0
6027,4.505e+05,46534,0
6028,4.5051e+05,46508,0
6029,4.5052e+05,46482,0
6030,4.5054e+05,46455,0
6031,4.5055e+05,46429,0
6032,4.5056e+05,46403,0
6033,4.5057e+05,46376,0
6034,4.5058e+05,46350,0
6035,4.5059e+05,46324,0
6036,4.5061e+05,46298,0
6037,4.5062e+05,46271,0
6038,4.5063e+05,46245,0
6039,4.5064e+05,46219,0
6040,4.5065e+05,46192,0
6041,4.5066e+05,46166,0
6042,4.5067e+05,46139,0
6043,4.5069e+05,46113,0
6044,4.507e+05,46087,0
6045,4.5071e+05,46060,0
6046,4.5072e+05,46034,0
6047,4.5073e+05,46008,0
6048,4.5074e+05,45981,0
6049,4.5075e+05,45955,0
6050,4.5077e+05,45929,0
6051,4.5078e+05,45902,0
6052,4.5079e+05,45876,0
6053,4.508e+05,45849,0
6054,4.5081e+05,45823,0
6055,4.5082e+05,45797,0
6056,4.5083e+05,45770,0
6057,4.5084e+05,45744,0
6058,4.5086e+05,45717,0
6059,4.5087e+05,45691,0
6060,4.5088e+05,45664,0
6061,4.5089e+05,45638,0
6062,4.509e+05,45612,0
6063,4.5091e+05,45585,0
6064,4.5092e+05,45559,0
6065,4.5094e+05,45532,0
6066,4.5095e+05,45506,0
6067,4.5096e+05,45479,0
6068,4.5097e+05,45453,0
6069,4.5098e+05,45426,0
6070,4.5099e+05,45400,0
6071,4.51e+05,45373,0
6072,4.5101e+05,45347,0
6073,4.5103e+05,45320,0
6074,4.5104e+05,45294,0
6075,4.5105e+05,45267,0
6076,4.5106e+05,45241,0
6077,4.5107e+05,45214,0
6078,4.5108e+05,45188,0
6079,4.5109e+05,45161,0
6080,4.511e+05,45135,0
6081,4.5112e+05,45108,0
6082,4.5113e+05,45082,0
6083,4.5114e+05,45055,0
6084,4.5115e+05,45029,0
6085,4.5116e+05,45002,0
6086,4.5117e+05,44976,0
6087,4.5118e+05,44949,0
6088,4.5119e+05,44923,0
6089,4.5121e+05,44896,0
6090,4.5122e+05,44869,0
6091,4.5123e+05,44843,0
6092,4.5124e+05,44816,0
6093,4.5125e+05,44790,0
6094,4.5126e+05,44763,0
6095,4.5127e+05,44737,0
6096,4.5128e+05,44710,0
6097,4.5129e+05,44683,0
6098,4.5131e+05,44657,0
6099,4.5132e+05,44630,0
6100,4.5133e+05,44604,0
6101,4.5134e+05,44577,0
6102,4.5135e+05,44550,0
6103,4.5136e+05,44524,0
6104,4.5137e+05,44497,0
6105,4.5138e+05,44470,0
6106,4.5139e+05,44444,0
6107,4.5141e+05,44417,0
6108,4.5142e+05,44390,0
6109,4.5143e+05,44364,0
6110,4.5144e+05,44337,0
6111,4.5145e+05,44310,0
6112,4.5146e+05,44284,0
6113,4.5147e+05,44257,0
6114,4.5148e+05,44230,0
6115,4.5149e+05,44204,0
6116,4.515e+05,44177,0
6117,4.5152e+05,44150,0
6118,4.5153e+05,44124,0
6119,4.5154e+05,44097,0
6120,4.5155e+05,44070,0
6121,4.5156e+05,44044,0
6122,4.5157e+05,44017,0
6123,4.5158e+05,43990,0
6124,4.5159e+05,43963,0
6125,4.516e+05,43937,0
6126,4.5161e+05,43910,0
6127,4.5162e+05,43883,0
6128,4.5164e+05,43857,0
6129,4.5165e+05,43830,0
6130,4.5166e+05,43803,0
6131,4.5167e+05,43776,0
6132,4.5168e+05,43750,0
6133,4.5169e+05,43723,0
6134,4.517e+05,43696,0
6135,4.5171e+05,43669,0
6136,4.5172e+05,43643,0
6137,4.5173e+05,43616,0
6138,4.5174e+05,43589,0
6139,4.5176e+05,43562,0
6140,4.5177e+05,43535,0
6141,4.5178e+05,43509,0
6142,4.5179e+05,43482,0
6143,4.518e+05,43455,0
6144,4.5181e+05,43428,0
6145,4.5182e+05,43401,0
6146,4.5183e+05,43375,0
6147,4.5184e+05,43348,0
6148,4.5185e+05,43321,0
6149,4.5186e+05,43294,0
6150,4.5187e+05,43267,0
6151,4.5189e+05,43240,0
6152,4.519e+05,43214,0
6153,4.5191e+05,43187,0
6154,4.5192e+05,43160,0
6155,4.5193e+05,43133,0
6156,4.5194e+05,43106,0
6157,4.5195e+05,43079,0
6158,4.5196e+05,43052,0
6159,4.5197e+05,43026,0
6160,4.5198e+05,42999,0
6161,4.5199e+05,42972,0
6162,4.52e+05,42945,0
6163,4.5201e+05,42918,0
6164,4.5202e+05,42891,0
6165,4.5204e+05,42864,0
6166,4.5205e+05,42837,0
6167,4.5206e+05,42810,0
6168,4.5207e+05,42784,0
6169,4.5208e+05,42757,0
6170,4.5209e+05,42730,0
6171,4.521e+05,42703,0
6172,4.5211e+05,42676,0
6173,4.5212e+05,42649,0
6174,4.5213e+05,42622,0
6175,4.5214e+05,42595,0
6176,4.5215e+05,42568,0
6177,4.5216e+05,42541,0
6178,4.5217e+05,42514,0
6179,4.5218e+05,42487,0
6180,4.5219e+05,42460,0
6181,4.5221e+05,42433,0
6182,4.5222e+05,42406,0
6183,4.5223e+05,42379,0
6184,4.5224e+05,42352,0
6185,4.5225e+05,42325,0
6186,4.5226e+05,42298,0
6187,4.5227e+05,42271,0
6188,4.5228e+05,42244,0
6189,4.5229e+05,42217,0
6190,4.523e+05,42190,0
6191,4.5231e+05,42163,0
6192,4.5232e+05,42136,0
6193,4.5233e+05,42109,0
6194,4.5234e+05,42082,0
6195,4.5235e+05,42055,0
6196,4.5236e+05,42028,0
6197,4.5237e+05,42001,0
6198,4.5238e+05,41974,0
6199,4.5239e+05,41947,0
6200,4.5241e+05,41920,0
6201,4.5242e+05,41893,0
6202,4.5243e+05,41866,0
6203,4.5244e+05,41839,0
6204,4.5245e+05,41812,0
6205,4.5246e+05,41785,0
6206,4.5247e+05,41758,0
6207,4.5248e+05,41731,0
6208,4.5249e+05,41704,0
6209,4.525e+05,41676,0
6210,4.5251e+05,41649,0
6211,4.5252e+05,41622,0
6212,4.5253e+05,41595,0
6213,4.5254e+05,41568,0
6214,4.5255e+05,41541,0
6215,4.5256e+05,41514,0
6216,4.5257e+05,41487,0
6217,4.5258e+05,41460,0
6218,4.5259e+05,41432,0
6219,4.526e+05,41405,0
6220,4.5261e+05,41378,0
6221,4.5262e+05,41351,0
6222,4.5263e+05,41324,0
6223,4.5264e+05,41297,0
6224,4.5265e+05,41270,0
6225,4.5266e+05,41242,0
6226,4.5267e+05,41215,0
6227,4.5269e+05,41188,0
6228,4.527e+05,41161,0
6229,4.5271e+05,41134,0
6230,4.5272e+05,41107,0
6231,4.5273e+05,41079,0
6232,4.5274e+05,41052,0
6233,4.5275e+05,41025,0
6234,4.5276e+05,40998,0
6235,4.5277e+05,40971,0
6236,4.5278e+05,40943,0
6237,4.5279e+05,40916,0
6238,4.528e+05,40889,0
6239,4.5281e+05,40862,0
6240,4.5282e+05,40835,0
6241,4.5283e+05,40807,0
6242,4.5284e+05,40780,0
6243,4.5285e+05,40753,0
6244,4.5286e+05,40726,0
6245,4.5287e+05,40698,0
6246,4.5288e+05,40671,0
6247,4.5289e+05,40644,0
6248,4.529e+05,40617,0
6249,4.5291e+05,40589,0
6250,4.5292e+05,40562,0
6251,4.5293e+05,40535,0
6252,4.5294e+05,40508,0
6253,4.5295e+05,40480,0
6254,4.5296e+05,40453,0
6255,4.5297e+05,40426,0
6256,4.5298e+05,40399,0
6257,4.5299e+05,40371,0
6258,4.53e+05,40344,0
6259,4.5301e+05,40317,0
6260,4.5302e+05,40289,0
6261,4.5303e+05,40262,0
6262,4.5304e+05,40235,0
6263,4.5305e+05,40207,0
6264,4.5306e+05,40180,0
6265,4.5307e+05,40153,0
6266,4.5308e+05,40126,0
6267,4.5309e+05,40098,0
6268,4.531e+05,40071,0
6269,4.5311e+05,40044,0
6270,4.5312e+05,40016,0
6271,4.5313e+05,39989,0
6272,4.5314e+05,39961,0
6273,4.5315e+05,39934,0
6274,4.5316e+05,39907,0
6275,4.5317e+05,39879,0
6276,4.5318e+05,39852,0
6277,4.5319e+05,39825,0
6278,4.532e+05,39797,0
6279,4.5321e+05,39770,0
6280,4.5322e+05,39743,0
6281,4.5323e+05,39715,0
6282,4.5324e+05,39688,0
6283,4.5325e+05,39660,0
6284,4.5326e+05,39633,0
6285,4.5327e+05,39606,0
6286,4.5328e+05,39578,0
6287,4.5329e+05,39551,0
6288,4.533e+05,39523,0
6289,4.5331e+05,39496,0
6290,4.5332e+05,39468,0
6291,4.5333e+05,39441,0
6292,4.5334e+05,39414,0
6293,4.5335e+05,39386,0
6294,4.5336e+05,39359,0
6295,4.5337e+05,39331,0
6296,4.5338e+05,39304,0
6297,4.5339e+05,39276,0
6298,4.534e+05,39249,0
6299,4.5341e+05,39222,0
6300,4.5342e+05,39194,0
6301,4.5343e+05,39167,0
6302,4.5344e+05,39139,0
6303,4.5345e+05,39112,0
6304,4.5346e+05,39084,0
6305,4.5347e+05,39057,0
6306,4.5348e+05,39029,0
6307,4.5349e+05,39002,0
6308,4.535e+05,38974,0
6309,4.5351e+05,38947,0
6310,4.5352e+05,38919,0
6311,4.5353e+05,38892,0
6312,4.5354e+05,38864,0
6313,4.5355e+05,38837,0
6314,4.5356e+05,38809,0
6315,4.5357e+05,38782,0
6316,4.5358e+05,38754,0
6317,4.5358e+05,38727,0
6318,4.5359e+05,38699,0
6319,4.536e+05,38671,0
6320,4.5361e+05,38644,0
6321,4.5362e+05,38616,0
6322,4.5363e+05,38589,0
6323,4.5364e+05,38561,0
6324,4.5365e+05,38534,0
6325,4.5366e+05,38506,0
6326,4.5367e+05,38479,0
6327,4.5368e+05,38451,0
6328,4.5369e+05,38423,0
6329,4.537e+05,38396,0
6330,4.5371e+05,38368,0
6331,4.5372e+05,38341,0
6332,4.5373e+05,38313,0
6333,4.5374e+05,38286,0
6334,4.5375e+05,38258,0
6335,4.5376e+05,38230,0
6336,4.5377e+05,38203,0
6337,4.5378e+05,38175,0
6338,4.5379e+05,38148,0
6339,4.538e+05,38120,0
6340,4.5381e+05,38092,0
6341,4.5382e+05,38065,0
6342,4.5383e+05,38037,0
6343,4.5383e+05,38009,0
6344,4.5384e+05,37982,0
6345,4.5385e+05,37954,0
6346,4.5386e+05,37926,0
6347,4.5387e+05,37899,0
6348,4.5388e+05,37871,0
6349,4.5389e+05,37843,0
6350,4.539e+05,37816,0
6351,4.5391e+05,37788,0
6352,4.5392e+05,37760,0
6353,4.5393e+05,37733,0
6354,4.5394e+05,37705,0
6355,4.5395e+05,37677,0
6356,4.5396e+05,37650,0
6357,4.5397e+05,37622,0
6358,4.5398e+05,37594,0
6359,4.5399e+05,37567,0
6360,4.54e+05,37539,0
6361,4.5401e+05,37511,0
6362,4.5401e+05,37484,0
6363,4.5402e+05,37456,0
6364,4.5403e+05,37428,0
6365,4.5404e+05,37400,0
6366,4.5405e+05,37373,0
6367,4.5406e+05,37345,0
6368,4.5407e+05,37317,0
6369,4.5408e+05,37290,0
6370,4.5409e+05,37262,0
6371,4.541e+05,37234,0
6372,4.5411e+05,37206,0
6373,4.5412e+05,37179,0
6374,4.5413e+05,37151,0
6375,4.5414e+05,37123,0
6376,4.5415e+05,37095,0
6377,4.5415e+05,37068,0
6378,4.5416e+05,37040,0
6379,4.5417e+05,37012,0
6380,4.5418e+05,36984,0
6381,4.5419e+05,36956,0
6382,4.542e+05,36929,0
6383,4.5421e+05,36901,0
6384,4.5422e+05,36873,0
6385,4.5423e+05,36845,0
6386,4.5424e+05,36817,0
6387,4.5425e+05,36790,0
6388,4.5426e+05,36762,0
6389,4.5427e+05,36734,0
6390,4.5428e+05,36706,0
6391,4.5428e+05,36678,0
6392,4.5429e+05,36651,0
6393,4.543e+05,36623,0
6394,4.5431e+05,36595,0
6395,4.5432e+05,36567,0
6396,4.5433e+05,36539,0
6397,4.5434e+05,36511,0
6398,4.5435e+05,36484,0
6399,4.5436e+05,36456,0
6400,4.5437e+05,36428,0
6401,4.5438e+05,36400,0
6402,4.5439e+05,36372,0
6403,4.5439e+05,36344,0
6404,4.544e+05,36316,0
6405,4.5441e+05,36289,0
6406,4.5442e+05,36261,0
6407,4.5443e+05,36233,0
6408,4.5444e+05,36205,0
6409,4.5445e+05,36177,0
6410,4.5446e+05,36149,0
6411,4.5447e+05,36121,0
6412,4.5448e+05,36093,0
6413,4.5449e+05,36065,0
6414,4.5449e+05,36038,0
6415,4.545e+05,36010,0
6416,4.5451e+05,35982,0
6417,4.5452e+05,35954,0
6418,4.5453e+05,35926,0
6419,4.5454e+05,35898,0
6420,4.5455e+05,35870,0
6421,4.5456e+05,35842,0
6422,4.5457e+05,35814,0
6423,4.5458e+05,35786,0
6424,4.5458e+05,35758,0
6425,4.5459e+05,35730,0
6426,4.546e+05,35702,0
6427,4.5461e+05,35674,0
6428,4.5462e+05,35647,0
6429,4.5463e+05,35619,0
6430,4.5464e+05,35591,0
6431,4.5465e+05,35563,0
6432,4.5466e+05,35535,0
6433,4.5467e+05,35507,0
6434,4.5467e+05,35479,0
6435,4.5468e+05,35451,0
6436,4.5469e+05,35423,0
6437,4.547e+05,35395,0
6438,4.5471e+05,35367,0
6439,4.5472e+05,35339,0
6440,4.5473e+05,35311,0
6441,4.5474e+05,35283,0
6442,4.5475e+05,35255,0
6443,4.5475e+05,35227,0
6444,4.5476e+05,35199,0
6445,4.5477e+05,35171,0
6446,4.5478e+05,35143,0
6447,4.5479e+05,35115,0
6448,4.548e+05,35087,0
6449,4.5481e+05,35059,0
6450,4.5482e+05,35031,0
6451,4.5482e+05,35003,0
6452,4.5483e+05,34974,0
6453,4.5484e+05,34946,0
6454,4.5485e+05,34918,0
6455,4.5486e+05,34890,0
6456,4.5487e+05,34862,0
6457,4.5488e+05,34834,0
6458,4.5489e+05,34806,0
6459,4.549e+05,34778,0
6460,4.549e+05,34750,0
6461,4.5491e+05,34722,0
6462,4.5492e+05,34694,0
6463,4.5493e+05,34666,0
6464,4.5494e+05,34638,0
6465,4.5495e+05,34610,0
6466,4.5496e+05,34582,0
6467,4.5496e+05,34553,0
6468,4.5497e+05,34525,0
6469,4.5498e+05,34497,0
6470,4.5499e+05,34469,0
6471,4.55e+05,34441,0
6472,4.5501e+05,34413,0
6473,4.5502e+05,34385,0
6474,4.5503e+05,34357,0
6475,4.5503e+05,34328,0
6476,4.5504e+05,34300,0
6477,4.5505e+05,34272,0
6478,4.5506e+05,34244,0
6479,4.5507e+05,34216,0
6480,4.5508e+05,34188,0
6481,4.5509e+05,34160,0
6482,4.5509e+05,34132,0
6483,4.551e+05,34103,0
6484,4.5511e+05,34075,0
6485,4.5512e+05,34047,0
6486,4.5513e+05,34019,0
6487,4.5514e+05,33991,0
6488,4.5515e+05,33963,0
6489,4.5515e+05,33934,0
6490,4.5516e+05,33906,0
6491,4.5517e+05,33878,0
6492,4.5518e+05,33850,0
6493,4.5519e+05,33822,0
6494,4.552e+05,33793,0
6495,4.5521e+05,33765,0
6496,4.5521e+05,33737,0
6497,4.5522e+05,33709,0
6498,4.5523e+05,33681,0
6499,4.5524e+05,33652,0
6500,4.5525e+05,33624,0
6501,4.5526e+05,33596,0
6502,4.5527e+05,33568,0
6503,4.5527e+05,33540,0
6504,4.5528e+05,33511,0
6505,4.5529e+05,33483,0
6506,4.553e+05,33455,0
6507,4.5531e+05,33427,0
6508,4.5532e+05,33398,0
6509,4.5532e+05,33370,0
6510,4.5533e+05,33342,0
6511,4.5534e+05,33314,0
6512,4.5535e+05,33285,0
6513,4.5536e+05,33257,0
6514,4.5537e+05,33229,0
6515,4.5537e+05,33201,0
6516,4.5538e+05,33172,0
6517,4.5539e+05,33144,0
6518,4.554e+05,33116,0
6519,4.5541e+05,33087,0
6520,4.5542e+05,33059,0
6521,4.5542e+05,33031,0
6522,4.5543e+05,33003,0
6523,4.5544e+05,32974,0
6524,4.5545e+05,32946,0
6525,4.5546e+05,32918,0
6526,4.5547e+05,32889,0
6527,4.5547e+05,32861,0
6528,4.5548e+05,32833,0
6529,4.5549e+05,32804,0
6530,4.555e+05,32776,0
6531,4.5551e+05,32748,0
6532,4.5552e+05,32719,0
6533,4.5552e+05,32691,0
6534,4.5553e+05,32663,0
6535,4.5554e+05,32634,0
6536,4.5555e+05,32606,0
6537,4.5556e+05,32578,0
6538,4.5557e+05,32549,0
6539,4.5557e+05,32521,0
6540,4.5558e+05,32493,0
6541,4.5559e+05,32464,0
6542,4.556e+05,32436,0
6543,4.5561e+05,32408,0
6544,4.5561e+05,32379,0
6545,4.5562e+05,32351,0
6546,4.5563e+05,32323,0
6547,4.5564e+05,32294,0
6548,4.5565e+05,32266,0
6549,4.5565e+05,32237,0
6550,4.5566e+05,32209,0
6551,4.5567e+05,32181,0
6552,4.5568e+05,32152,0
6553,4.5569e+05,32124,0
6554,4.557e+05,32095,0
6555,4.557e+05,32067,0
6556,4.5571e+05,32039,0
6557,4.5572e+05,32010,0
6558,4.5573e+05,31982,0
6559,4.5574e+05,31953,0
6560,4.5574e+05,31925,0
6561,4.5575e+05,31897,0
6562,4.5576e+05,31868,0
6563,4.5577e+05,31840,0
6564,4.5578e+05,31811,0
6565,4.5578e+05,31783,0
6566,4.5579e+05,31754,0
6567,4.558e+05,31726,0
6568,4.5581e+05,31698,0
6569,4.5582e+05,31669,0
6570,4.5582e+05,31641,0
6571,4.5583e+05,31612,0
6572,4.5584e+05,31584,0
6573,4.5585e+05,31555,0
6574,4.5586e+05,31527,0
6575,4.5586e+05,31498,0
6576,4.5587e+05,31470,0
6577,4.5588e+05,31441,0
6578,4.5589e+05,31413,0
6579,4.559e+05,31384,0
6580,4.559e+05,31356,0
6581,4.5591e+05,31327,0
6582,4.5592e+05,31299,0
6583,4.5593e+05,31270,0
6584,4.5594e+05,31242,0
6585,4.5594e+05,31213,0
6586,4.5595e+05,31185,0
6587,4.5596e+05,31156,0
6588,4.5597e+05,31128,0
6589,4.5597e+05,31099,0
6590,4.5598e+05,31071,0
6591,4.5599e+05,31042,0
6592,4.56e+05,31014,0
6593,4.5601e+05,30985,0
6594,4.5601e+05,30957,0
6595,4.5602e+05,30928,0
6596,4.5603e+05,30900,0
6597,4.5604e+05,30871,0
6598,4.5605e+05,30843,0
6599,4.5605e+05,30814,0
6600,4.5606e+05,30786,0
6601,4.5607e+05,30757,0
6602,4.5608e+05,30728,0
6603,4.5608e+05,30700,0
6604,4.5609e+05,30671,0
6605,4.561e+05,30643,0
6606,4.5611e+05,30614,0
6607,4.5611e+05,30586,0
6608,4.5612e+05,30557,0
6609,4.5613e+05,30528,0
6610,4.5614e+05,30500,0
6611,4.5615e+05,30471,0
6612,4.5615e+05,30443,0
6613,4.5616e+05,30414,0
6614,4.5617e+05,30385,0
6615,4.5618e+05,30357,0
6616,4.5618e+05,30328,0
6617,4.5619e+05,30300,0
6618,4.562e+05,30271,0
6619,4.5621e+05,30242,0
6620,4.5621e+05,30214,0
6621,4.5622e+05,30185,0
6622,4.5623e+05,30157,0
6623,4.5624e+05,30128,0
6624,4.5625e+05,30099,0
6625,4.5625e+05,30071,0
6626,4.5626e+05,30042,0
6627,4.5627e+05,30013,0
6628,4.5628e+05,29985,0
6629,4.5628e+05,29956,0
6630,4.5629e+05,29927,0
6631,4.563e+05,29899,0
6632,4.5631e+05,29870,0
6633,4.5631e+05,29842,0
6634,4.5632e+05,29813,0
6635,4.5633e+05,29784,0
6636,4.5634e+05,29756,0
6637,4.5634e+05,29727,0
6638,4.5635e+05,29698,0
6639,4.5636e+05,29670,0
6640,4.5637e+05,29641,0
6641,4.5637e+05,29612,0
6642,4.5638e+05,29583,0
6643,4.5639e+05,29555,0
6644,4.564e+05,29526,0
6645,4.564e+05,29497,0
6646,4.5641e+05,29469,0
6647,4.5642e+05,29440,0
6648,4.5643e+05,29411,0
6649,4.5643e+05,29383,0
6650,4.5644e+05,29354,0
6651,4.5645e+05,29325,0
6652,4.5646e+05,29296,0
6653,4.5646e+05,29268,0
6654,4.5647e+05,29239,0
6655,4.5648e+05,29210,0
6656,4.5649e+05,29182,0
6657,4.5649e+05,29153,0
6658,4.565e+05,29124,0
6659,4.5651e+05,29095,0
6660,4.5651e+05,29067,0
6661,4.5652e+05,29038,0
6662,4.5653e+05,29009,0
6663,4.5654e+05,28980,0
6664,4.5654e+05,28952,0
6665,4.5655e+05,28923,0
6666,4.5656e+05,28894,0
6667,4.5657e+05,28865,0
6668,4.5657e+05,28837,0
6669,4.5658e+05,28808,0
6670,4.5659e+05,28779,0
6671,4.566e+05,28750,0
6672,4.566e+05,28722,0
6673,4.5661e+05,28693,0
6674,4.5662e+05,28664,0
6675,4.5662e+05,28635,0
6676,4.5663e+05,28606,0
6677,4.5664e+05,28578,0
6678,4.5665e+05,28549,0
6679,4.5665e+05,28520,0
6680,4.5666e+05,28491,0
6681,4.5667e+05,28462,0
6682,4.5667e+05,28434,0
6683,4.5668e+05,28405,0
6684,4.5669e+05,28376,0
6685,4.567e+05,28347,0
6686,4.567e+05,28318,0
6687,4.5671e+05,28290,0
6688,4.5672e+05,28261,0
6689,4.5672e+05,28232,0
6690,4.5673e+05,28203,0
6691,4.5674e+05,28174,0
6692,4.5675e+05,28145,0
6693,4.5675e+05,28117,0
6694,4.5676e+05,28088,0
6695,4.5677e+05,28059,0
6696,4.5677e+05,28030,0
6697,4.5678e+05,28001,0
6698,4.5679e+05,27972,0
6699,4.568e+05,27943,0
6700,4.568e+05,27915,0
6701,4.5681e+05,27886,0
6702,4.5682e+05,27857,0
6703,4.5682e+05,27828,0
6704,4.5683e+05,27799,0
6705,4.5684e+05,27770,0
6706,4.5685e+05,27741,0
6707,4.5685e+05,27712,0
6708,4.5686e+05,27684,0
6709,4.5687e+05,27655,0
6710,4.5687e+05,27626,0
6711,4.5688e+05,27597,0
6712,4.5689e+05,27568,0
6713,4.5689e+05,27539,0
6714,4.569e+05,27510,0
6715,4.5691e+05,27481,0
6716,4.5692e+05,27452,0
6717,4.5692e+05,27424,0
6718,4.5693e+05,27395,0
6719,4.5694e+05,27366,0
6720,4.5694e+05,27337,0
6721,4.5695e+05,27308,0
6722,4.5696e+05,27279,0
6723,4.5696e+05,27250,0
6724,4.5697e+05,27221,0
6725,4.5698e+05,27192,0
6726,4.5698e+05,27163,0
6727,4.5699e+05,27134,0
6728,4.57e+05,27105,0
6729,4.5701e+05,27076,0
6730,4.5701e+05,27047,0
6731,4.5702e+05,27018,0
6732,4.5703e+05,26990,0
6733,4.5703e+05,26961,0
6734,4.5704e+05,26932,0
6735,4.5705e+05,26903,0
6736,4.5705e+05,26874,0
6737,4.5706e+05,26845,0
6738,4.5707e+05,26816,0
6739,4.5707e+05,26787,0
6740,4.5708e+05,26758,0
6741,4.5709e+05,26729,0
6742,4.5709e+05,26700,0
6743,4.571e+05,26671,0
6744,4.5711e+05,26642,0
6745,4.5711e+05,26613,0
6746,4.5712e+05,26584,0
6747,4.5713e+05,26555,0
6748,4.5713e+05,26526,0
6749,4.5714e+05,26497,0
6750,4.5715e+05,26468,0
6751,4.5715e+05,26439,0
6752,4.5716e+05,26410,0
6753,4.5717e+05,26381,0
6754,4.5717e+05,26352,0
6755,4.5718e+05,26323,0
6756,4.5719e+05,26294,0
6757,4.5719e+05,26265,0
6758,4.572e+05,26236,0
6759,4.5721e+05,26207,0
6760,4.5721e+05,26178,0
6761,4.5722e+05,26149,0
6762,4.5723e+05,26120,0
6763,4.5723e+05,26091,0
6764,4.5724e+05,26062,0
6765,4.5725e+05,26033,0
6766,4.5725e+05,26003,0
6767,4.5726e+05,25974,0
6768,4.5727e+05,25945,0
6769,4.5727e+05,25916,0
6770,4.5728e+05,25887,0
6771,4.5729e+05,25858,0
6772,4.5729e+05,25829,0
6773,4.573e+05,25800,0
6774,4.5731e+05,25771,0
6775,4.5731e+05,25742,0
6776,4.5732e+05,25713,0
6777,4.5733e+05,25684,0
6778,4.5733e+05,25655,0
6779,4.5734e+05,25626,0
6780,4.5735e+05,25597,0
6781,4.5735e+05,25567,0
6782,4.5736e+05,25538,0
6783,4.5737e+05,25509,0
6784,4.5737e+05,25480,0
6785,4.5738e+05,25451,0
6786,4.5738e+05,25422,0
6787,4.5739e+05,25393,0
6788,4.574e+05,25364,0
6789,4.574e+05,25335,0
6790,4.5741e+05,25306,0
6791,4.5742e+05,25276,0
6792,4.5742e+05,25247,0
6793,4.5743e+05,25218,0
6794,4.5744e+05,25189,0
6795,4.5744e+05,25160,0
6796,4.5745e+05,25131,0
6797,4.5746e+05,25102,0
6798,4.5746e+05,25073,0
6799,4.5747e+05,25043,0
6800,4.5747e+05,25014,0
6801,4.5748e+05,24985,0
6802,4.5749e+05,24956,0
6803,4.5749e+05,24927,0
6804,4.575e+05,24898,0
6805,4.5751e+05,24869,0
6806,4.5751e+05,24839,0
6807,4.5752e+05,24810,0
6808,4.5752e+05,24781,0
6809,4.5753e+05,24752,0
6810,4.5754e+05,24723,0
6811,4.5754e+05,24694,0
6812,4.5755e+05,24664,0
6813,4.5756e+05,24635,0
6814,4.5756e+05,24606,0
6815,4.5757e+05,24577,0
6816,4.5757e+05,24548,0
6817,4.5758e+05,24518,0
6818,4.5759e+05,24489,0
6819,4.5759e+05,24460,0
6820,4.576e+05,24431,0
6821,4.5761e+05,24402,0
6822,4.5761e+05,24373,0
6823,4.5762e+05,24343,0
6824,4.5762e+05,24314,0
6825,4.5763e+05,24285,0
6826,4.5764e+05,24256,0
6827,4.5764e+05,24226,0
6828,4.5765e+05,24197,0
6829,4.5766e+05,24168,0
6830,4.5766e+05,24139,0
6831,4.5767e+05,24110,0
6832,4.5767e+05,24080,0
6833,4.5768e+05,24051,0
6834,4.5769e+05,24022,0
6835,4.5769e+05,23993,0
6836,4.577e+05,23963,0
6837,4.577e+05,23934,0
6838,4.5771e+05,23905,0
6839,4.5772e+05,23876,0
6840,4.5772e+05,23847,0
6841,4.5773e+05,23817,0
6842,4.5773e+05,23788,0
6843,4.5774e+05,23759,0
6844,4.5775e+05,23730,0
6845,4.5775e+05,23700,0
6846,4.5776e+05,23671,0
6847,4.5776e+05,23642,0
6848,4.5777e+05,23612,0
6849,4.5778e+05,23583,0
6850,4.5778e+05,23554,0
6851,4.5779e+05,23525,0
6852,4.5779e+05,23495,0
6853,4.578e+05,23466,0
6854,4.5781e+05,23437,0
6855,4.5781e+05,23408,0
6856,4.5782e+05,23378,0
6857,4.5782e+05,23349,0
6858,4.5783e+05,23320,0
6859,4.5784e+05,23290,0
6860,4.5784e+05,23261,0
6861,4.5785e+05,23232,0
6862,4.5785e+05,23203,0
6863,4.5786e+05,23173,0
6864,4.5787e+05,23144,0
6865,4.5787e+05,23115,0
6866,4.5788e+05,23085,0
6867,4.5788e+05,23056,0
6868,4.5789e+05,23027,0
6869,4.579e+05,22997,0
6870,4.579e+05,22968,0
6871,4.5791e+05,22939,0
6872,4.5791e+05,22909,0
6873,4.5792e+05,22880,0
6874,4.5792e+05,22851,0
6875,4.5793e+05,22821,0
6876,4.5794e+05,22792,0
6877,4.5794e+05,22763,0
6878,4.5795e+05,22733,0
6879,4.5795e+05,22704,0
6880,4.5796e+05,22675,0
6881,4.5796e+05,22645,0
6882,4.5797e+05,22616,0
6883,4.5798e+05,22587,0
6884,4.5798e+05,22557,0
6885,4.5799e+05,22528,0
6886,4.5799e+05,22499,0
6887,4.58e+05,22469,0
6888,4.58e+05,22440,0
6889,4.5801e+05,22411,0
6890,4.5802e+05,22381,0
6891,4.5802e+05,22352,0
6892,4.5803e+05,22322,0
6893,4.5803e+05,22293,0
6894,4.5804e+05,22264,0
6895,4.5804e+05,22234,0
6896,4.5805e+05,22205,0
6897,4.5806e+05,22176,0
6898,4.5806e+05,22146,0
6899,4.5807e+05,22117,0
6900,4.5807e+05,22087,0
6901,4.5808e+05,22058,0
6902,4.5808e+05,22029,0
6903,4.5809e+05,21999,0
6904,4.581e+05,21970,0
6905,4.581e+05,21940,0
6906,4.5811e+05,21911,0
6907,4.5811e+05,21882,0
6908,4.5812e+05,21852,0
6909,4.5812e+05,21823,0
6910,4.5813e+05,21793,0
6911,4.5813e+05,21764,0
6912,4.5814e+05,21735,0
6913,4.5815e+05,21705,0
6914,4.5815e+05,21676,0
6915,4.5816e+05,21646,0
6916,4.5816e+05,21617,0
6917,4.5817e+05,21587,0
6918,4.5817e+05,21558,0
6919,4.5818e+05,21529,0
6920,4.5818e+05,21499,0
6921,4.5819e+05,21470,0
6922,4.5819e+05,21440,0
6923,4.582e+05,21411,0
6924,4.5821e+05,21381,0
6925,4.5821e+05,21352,0
6926,4.5822e+05,21322,0
6927,4.5822e+05,21293,0
6928,4.5823e+05,21264,0
6929,4.5823e+05,21234,0
6930,4.5824e+05,21205,0
6931,4.5824e+05,21175,0
6932,4.5825e+05,21146,0
6933,4.5825e+05,21116,0
6934,4.5826e+05,21087,0
6935,4.5826e+05,21057,0
6936,4.5827e+05,21028,0
6937,4.5828e+05,20998,0
6938,4.5828e+05,20969,0
6939,4.5829e+05,20939,0
6940,4.5829e+05,20910,0
6941,4.583e+05,20880,0
6942,4.583e+05,20851,0
6943,4.5831e+05,20821,0
6944,4.5831e+05,20792,0
6945,4.5832e+05,20762,0
6946,4.5832e+05,20733,0
6947,4.5833e+05,20703,0
6948,4.5833e+05,20674,0
6949,4.5834e+05,20644,0
6950,4.5834e+05,20615,0
6951,4.5835e+05,20585,0
6952,4.5835e+05,20556,0
6953,4.5836e+05,20526,0
6954,4.5837e+05,20497,0
6955,4.5837e+05,20467,0
6956,4.5838e+05,20438,0
6957,4.5838e+05,20408,0
6958,4.5839e+05,20379,0
6959,4.5839e+05,20349,0
6960,4.584e+05,20320,0
6961,4.584e+05,20290,0
6962,4.5841e+05,20261,0
6963,4.5841e+05,20231,0
6964,4.5842e+05,20202,0
6965,4.5842e+05,20172,0
6966,4.5843e+05,20143,0
6967,4.5843e+05,20113,0
6968,4.5844e+05,20083,0
6969,4.5844e+05,20054,0
6970,4.5845e+05,20024,0
6971,4.5845e+05,19995,0
6972,4.5846e+05,19965,0
6973,4.5846e+05,19936,0
6974,4.5847e+05,19906,0
6975,4.5847e+05,19877,0
6976,4.5848e+05,19847,0
6977,4.5848e+05,19817,0
6978,4.5849e+05,19788,0
6979,4.5849e+05,19758,0
6980,4.585e+05,19729,0
6981,4.585e+05,19699,0
6982,4.5851e+05,19670,0
6983,4.5851e+05,19640,0
6984,4.5852e+05,19610,0
6985,4.5852e+05,19581,0
6986,4.5853e+05,19551,0
6987,4.5853e+05,19522,0
6988,4.5854e+05,19492,0
6989,4.5854e+05,19463,0
6990,4.5855e+05,19433,0
6991,4.5855e+05,19403,0
6992,4.5856e+05,19374,0
6993,4.5856e+05,19344,0
6994,4.5857e+05,19315,0
6995,4.5857e+05,19285,0
6996,4.5858e+05,19255,0
6997,4.5858e+05,19226,0
6998,4.5859e+05,19196,0
6999,4.5859e+05,19167,0
7000,4.586e+05,19137,0
7001,4.586e+05,19107,0
7002,4.5861e+05,19078,0
7003,4.5861e+05,19048,0
7004,4.5862e+05,19018,0
7005,4.5862e+05,18989,0
7006,4.5863e+05,18959,0
7007,4.5863e+05,18930,0
7008,4.5864e+05,18900,0
7009,4.5864e+05,18870,0
7010,4.5865e+05,18841,0
7011,4.5865e+05,18811,0
7012,4.5866e+05,18781,0
7013,4.5866e+05,18752,0
7014,4.5867e+05,18722,0
7015,4.5867e+05,18693,0
7016,4.5867e+05,18663,0
7017,4.5868e+05,18633,0
7018,4.5868e+05,18604,0
7019,4.5869e+05,18574,0
7020,4.5869e+05,18544,0
7021,4.587e+05,18515,0
7022,4.587e+05,18485,0
7023,4.5871e+05,18455,0
7024,4.5871e+05,18426,0
7025,4.5872e+05,18396,0
7026,4.5872e+05,18366,0
7027,4.5873e+05,18337,0
7028,4.5873e+05,18307,0
7029,4.5874e+05,18277,0
7030,4.5874e+05,18248,0
7031,4.5875e+05,18218,0
7032,4.5875e+05,18188,0
7033,4.5875e+05,18159,0
7034,4.5876e+05,18129,0
7035,4.5876e+05,18099,0
7036,4.5877e+05,18070,0
7037,4.5877e+05,18040,0
7038,4.5878e+05,18010,0
7039,4.5878e+05,17981,0
7040,4.5879e+05,17951,0
7041,4.5879e+05,17921,0
7042,4.588e+05,17891,0
7043,4.588e+05,17862,0
7044,4.5881e+05,17832,0
7045,4.5881e+05,17802,0
7046,4.5881e+05,17773,0
7047,4.5882e+05,17743,0
7048,4.5882e+05,17713,0
7049,4.5883e+05,17684,0
7050,4.5883e+05,17654,0
7051,4.5884e+05,17624,0
7052,4.5884e+05,17594,0
7053,4.5885e+05,17565,0
7054,4.5885e+05,17535,0
7055,4.5885e+05,17505,0
7056,4.5886e+05,17476,0
7057,4.5886e+05,17446,0
7058,4.5887e+05,17416,0
7059,4.5887e+05,17386,0
7060,4.5888e+05,17357,0
7061,4.5888e+05,17327,0
7062,4.5889e+05,17297,0
7063,4.5889e+05,17267,0
7064,4.5889e+05,17238,0
7065,4.589e+05,17208,0
7066,4.589e+05,17178,0
7067,4.5891e+05,17149,0
7068,4.5891e+05,17119,0
7069,4.5892e+05,17089,0
7070,4.5892e+05,17059,0
7071,4.5893e+05,17030,0
7072,4.5893e+05,17000,0
7073,4.5893e+05,16970,0
7074,4.5894e+05,16940,0
7075,4.5894e+05,16911,0
7076,4.5895e+05,16881,0
7077,4.5895e+05,16851,0
7078,4.5896e+05,16821,0
7079,4.5896e+05,16791,0
7080,4.5896e+05,16762,0
7081,4.5897e+05,16732,0
7082,4.5897e+05,16702,0
7083,4.5898e+05,16672,0
7084,4.5898e+05,16643,0
7085,4.5899e+05,16613,0
7086,4.5899e+05,16583,0
7087,4.5899e+05,16553,0
7088,4.59e+05,16524,0
7089,4.59e+05,16494,0
7090,4.5901e+05,16464,0
7091,4.5901e+05,16434,0
7092,4.5901e+05,16404,0
7093,4.5902e+05,16375,0
7094,4.5902e+05,16345,0
7095,4.5903e+05,16315,0
7096,4.5903e+05,16285,0
7097,4.5904e+05,16255,0
7098,4.5904e+05,16226,0
7099,4.5904e+05,16196,0
7100,4.5905e+05,16166,0
7101,4.5905e+05,16136,0
7102,4.5906e+05,16106,0
7103,4.5906e+05,16077,0
7104,4.5906e+05,16047,0
7105,4.5907e+05,16017,0
7106,4.5907e+05,15987,0
7107,4.5908e+05,15957,0
7108,4.5908e+05,15928,0
7109,4.5908e+05,15898,0
7110,4.5909e+05,15868,0
7111,4.5909e+05,15838,0
7112,4.591e+05,15808,0
7113,4.591e+05,15778,0
7114,4.5911e+05,15749,0
7115,4.5911e+05,15719,0
7116,4.5911e+05,15689,0
7117,4.5912e+05,15659,0
7118,4.5912e+05,15629,0
7119,4.5913e+05,15599,0
7120,4.5913e+05,15570,0
7121,4.5913e+05,15540,0
7122,4.5914e+05,15510,0
7123,4.5914e+05,15480,0
7124,4.5914e+05,15450,0
7125,4.5915e+05,15420,0
7126,4.5915e+05,15391,0
7127,4.5916e+05,15361,0
7128,4.5916e+05,15331,0
7129,4.5916e+05,15301,0
7130,4.5917e+05,15271,0
7131,4.5917e+05,15241,0
7132,4.5918e+05,15211,0
7133,4.5918e+05,15182,0
7134,4.5918e+05,15152,0
7135,4.5919e+05,15122,0
7136,4.5919e+05,15092,0
7137,4.592e+05,15062,0
7138,4.592e+05,15032,0
7139,4.592e+05,15002,0
7140,4.5921e+05,14973,0
7141,4.5921e+05,14943,0
7142,4.5921e+05,14913,0
7143,4.5922e+05,14883,0
7144,4.5922e+05,14853,0
7145,4.5923e+05,14823,0
7146,4.5923e+05,14793,0
7147,4.5923e+05,14763,0
7148,4.5924e+05,14734,0
7149,4.5924e+05,14704,0
7150,4.5924e+05,14674,0
7151,4.5925e+05,14644,0
7152,4.5925e+05,14614,0
7153,4.5926e+05,14584,0
7154,4.5926e+05,14554,0
7155,4.5926e+05,14524,0
7156,4.5927e+05,14494,0
7157,4.5927e+05,14465,0
7158,4.5927e+05,14435,0
7159,4.5928e+05,14405,0
7160,4.5928e+05,14375,0
7161,4.5929e+05,14345,0
7162,4.5929e+05,14315,0
7163,4.5929e+05,14285,0
7164,4.593e+05,14255,0
7165,4.593e+05,14225,0
7166,4.593e+05,14195,0
7167,4.5931e+05,14166,0
7168,4.5931e+05,14136,0
7169,4.5931e+05,14106,0
7170,4.5932e+05,14076,0
7171,4.5932e+05,14046,0
7172,4.5933e+05,14016,0
7173,4.5933e+05,13986,0
7174,4.5933e+05,13956,0
7175,4.5934e+05,13926,0
7176,4.5934e+05,13896,0
7177,4.5934e+05,13866,0
7178,4.5935e+05,13836,0
7179,4.5935e+05,13807,0
7180,4.5935e+05,13777,0
7181,4.5936e+05,13747,0
7182,4.5936e+05,13717,0
7183,4.5936e+05,13687,0
7184,4.5937e+05,13657,0
7185,4.5937e+05,13627,0
7186,4.5938e+05,13597,0
7187,4.5938e+05,13567,0
7188,4.5938e+05,13537,0
7189,4.5939e+05,13507,0
7190,4.5939e+05,13477,0
7191,4.5939e+05,13447,0
7192,4.594e+05,13417,0
7193,4.594e+05,13387,0
7194,4.594e+05,13357,0
7195,4.5941e+05,13327,0
7196,4.5941e+05,13297,0
7197,4.5941e+05,13268,0
7198,4.5942e+05,13238,0
7199,4.5942e+05,13208,0
7200,4.5942e+05,13178,0
7201,4.5943e+05,13148,0
7202,4.5943e+05,13118,0
7203,4.5943e+05,13088,0
7204,4.5944e+05,13058,0
7205,4.5944e+05,13028,0
7206,4.5944e+05,12998,0
7207,4.5945e+05,12968,0
7208,4.5945e+05,12938,0
7209,4.5945e+05,12908,0
7210,4.5946e+05,12878,0
7211,4.5946e+05,12848,0
7212,4.5946e+05,12818,0
7213,4.5947e+05,12788,0
7214,4.5947e+05,12758,0
7215,4.5947e+05,12728,0
7216,4.5948e+05,12698,0
7217,4.5948e+05,12668,0
7218,4.5948e+05,12638,0
7219,4.5949e+05,12608,0
7220,4.5949e+05,12578,0
7221,4.5949e+05,12548,0
7222,4.595e+05,12518,0
7223,4.595e+05,12488,0
7224,4.595e+05,12458,0
7225,4.595e+05,12428,0
7226,4.5951e+05,12398,0
7227,4.5951e+05,12368,0
7228,4.5951e+05,12338,0
7229,4.5952e+05,12308,0
7230,4.5952e+05,12278,0
7231,4.5952e+05,12248,0
7232,4.5953e+05,12218,0
7233,4.5953e+05,12188,0
7234,4.5953e+05,12158,0
7235,4.5954e+05,12128,0
7236,4.5954e+05,12098,0
7237,4.5954e+05,12068,0
7238,4.5955e+05,12038,0
7239,4.5955e+05,12008,0
7240,4.5955e+05,11978,0
7241,4.5955e+05,11948,0
7242,4.5956e+05,11918,0
7243,4.5956e+05,11888,0
7244,4.5956e+05,11858,0
7245,4.5957e+05,11828,0
7246,4.5957e+05,11798,0
7247,4.5957e+05,11768,0
7248,4.5958e+05,11738,0
7249,4.5958e+05,11708,0
7250,4.5958e+05,11678,0
7251,4.5958e+05,11648,0
7252,4.5959e+05,11618,0
7253,4.5959e+05,11588,0
7254,4.5959e+05,11558,0
7255,4.596e+05,11528,0
7256,4.596e+05,11498,0
7257,4.596e+05,11468,0
7258,4.5961e+05,11438,0
7259,4.5961e+05,11408,0
7260,4.5961e+05,11378,0
7261,4.5961e+05,11348,0
7262,4.5962e+05,11318,0
7263,4.5962e+05,11288,0
7264,4.5962e+05,11257,0
7265,4.5963e+05,11227,0
7266,4.5963e+05,11197,0
7267,4.5963e+05,11167,0
7268,4.5963e+05,11137,0
7269,4.5964e+05,11107,0
7270,4.5964e+05,11077,0
7271,4.5964e+05,11047,0
7272,4.5965e+05,11017,0
7273,4.5965e+05,10987,0
7274,4.5965e+05,10957,0
7275,4.5965e+05,10927,0
7276,4.5966e+05,10897,0
7277,4.5966e+05,10867,0
7278,4.5966e+05,10837,0
7279,4.5967e+05,10807,0
7280,4.5967e+05,10777,0
7281,4.5967e+05,10747,0
7282,4.5967e+05,10716,0
7283,4.5968e+05,10686,0
7284,4.5968e+05,10656,0
7285,4.5968e+05,10626,0
7286,4.5968e+05,10596,0
7287,4.5969e+05,10566,0
7288,4.5969e+05,10536,0
7289,4.5969e+05,10506,0
7290,4.597e+05,10476,0
7291,4.597e+05,10446,0
7292,4.597e+05,10416,0
7293,4.597e+05,10386,0
7294,4.5971e+05,10356,0
7295,4.5971e+05,10326,0
7296,4.5971e+05,10295,0
7297,4.5971e+05,10265,0
7298,4.5972e+05,10235,0
7299,4.5972e+05,10205,0
7300,4.5972e+05,10175,0
7301,4.5972e+05,10145,0
7302,4.5973e+05,10115,0
7303,4.5973e+05,10085,0
7304,4.5973e+05,10055,0
7305,4.5973e+05,10025,0
7306,4.5974e+05,9994.6,0
7307,4.5974e+05,9964.5,0
7308,4.5974e+05,9934.4,0
7309,4.5974e+05,9904.3,0
7310,4.5975e+05,9874.2,0
7311,4.5975e+05,9844.1,0
7312,4.5975e+05,9814,0
7313,4.5975e+05,9783.9,0
7314,4.5976e+05,9753.8,0
7315,4.5976e+05,9723.7,0
7316,4.5976e+05,9693.6,0
7317,4.5976e+05,9663.5,0
7318,4.5977e+05,9633.4,0
7319,4.5977e+05,9603.3,0
7320,4.5977e+05,9573.1,0
7321,4.5977e+05,9543,0
7322,4.5978e+05,9512.9,0
7323,4.5978e+05,9482.8,0
7324,4.5978e+05,9452.7,0
7325,4.5978e+05,9422.6,0
7326,4.5979e+05,9392.5,0
7327,4.5979e+05,9362.4,0
7328,4.5979e+05,9332.3,0
7329,4.5979e+05,9302.1,0
7330,4.598e+05,9272,0
7331,4.598e+05,9241.9,0
7332,4.598e+05,9211.8,0
7333,4.598e+05,9181.7,0
7334,4.5981e+05,9151.5,0
7335,4.5981e+05,9121.4,0
7336,4.5981e+05,9091.3,0
7337,4.5981e+05,9061.2,0
7338,4.5982e+05,9031,0
7339,4.5982e+05,9000.9,0
7340,4.5982e+05,8970.8,0
7341,4.5982e+05,8940.7,0
7342,4.5982e+05,8910.5,0
7343,4.5983e+05,8880.4,0
7344,4.5983e+05,8850.3,0
7345,4.5983e+05,8820.1,0
7346,4.5983e+05,8790,0
7347,4.5984e+05,8759.9,0
7348,4.5984e+05,8729.7,0
7349,4.5984e+05,8699.6,0
7350,4.5984e+05,8669.5,0
7351,4.5984e+05,8639.3,0
7352,4.5985e+05,8609.2,0
7353,4.5985e+05,8579,0
7354,4.5985e+05,8548.9,0
7355,4.5985e+05,8518.8,0
7356,4.5986e+05,8488.6,0
7357,4.5986e+05,8458.5,0
7358,4.5986e+05,8428.3,0
7359,4.5986e+05,8398.2,0
7360,4.5986e+05,8368,0
7361,4.5987e+05,8337.9,0
7362,4.5987e+05,8307.7,0
7363,4.5987e+05,8277.6,0
7364,4.5987e+05,8247.4,0
7365,4.5987e+05,8217.3,0
7366,4.5988e+05,8187.1,0
7367,4.5988e+05,8157,0
7368,4.5988e+05,8126.8,0
7369,4.5988e+05,8096.7,0
7370,4.5989e+05,8066.5,0
7371,4.5989e+05,8036.4,0
7372,4.5989e+05,8006.2,0
7373,4.5989e+05,7976.1,0
7374,4.5989e+05,7945.9,0
7375,4.599e+05,7915.7,0
7376,4.599e+05,7885.6,0
7377,4.599e+05,7855.4,0
7378,4.599e+05,7825.3,0
7379,4.599e+05,7795.1,0
7380,4.5991e+05,7764.9,0
7381,4.5991e+05,7734.8,0
7382,4.5991e+05,7704.6,0
7383,4.5991e+05,7674.4,0
7384,4.5991e+05,7644.3,0
7385,4.5992e+05,7614.1,0
7386,4.5992e+05,7583.9,0
7387,4.5992e+05,7553.8,0
7388,4.5992e+05,7523.6,0
7389,4.5992e+05,7493.4,0
7390,4.5992e+05,7463.2,0
7391,4.5993e+05,7433.1,0
7392,4.5993e+05,7402.9,0
7393,4.5993e+05,7372.7,0
7394,4.5993e+05,7342.6,0
7395,4.5993e+05,7312.4,0
7396,4.5994e+05,7282.2,0
7397,4.5994e+05,7252,0
7398,4.5994e+05,7221.8,0
7399,4.5994e+05,7191.7,0
7400,4.5994e+05,7161.5,0
7401,4.5995e+05,7131.3,0
7402,4.5995e+05,7101.1,0
7403,4.5995e+05,7070.9,0
7404,4.5995e+05,7040.8,0
7405,4.5995e+05,7010.6,0
7406,4.5995e+05,6980.4,0
7407,4.5996e+05,6950.2,0
7408,4.5996e+05,6920,0
7409,4.5996e+05,6889.8,0
7410,4.5996e+05,6859.6,0
7411,4.5996e+05,6829.5,0
7412,4.5997e+05,6799.3,0
7413,4.5997e+05,6769.1,0
7414,4.5997e+05,6738.9,0
7415,4.5997e+05,6708.7,0
7416,4.5997e+05,6678.5,0
7417,4.5997e+05,6648.3,0
7418,4.5998e+05,6618.1,0
7419,4.5998e+05,6587.9,0
7420,4.5998e+05,6557.7,0
7421,4.5998e+05,6527.5,0
7422,4.5998e+05,6497.3,0
7423,4.5998e+05,6467.1,0
7424,4.5999e+05,6436.9,0
7425,4.5999e+05,6406.7,0
7426,4.5999e+05,6376.5,0
7427,4.5999e+05,6346.3,0
7428,4.5999e+05,6316.1,0
7429,4.5999e+05,6285.9,0
7430,4.6e+05,6255.7,0
7431,4.6e+05,6225.5,0
7432,4.6e+05,6195.3,0
7433,4.6e+05,6165.1,0
7434,4.6e+05,6134.9,0
7435,4.6e+05,6104.7,0
7436,4.6e+05,6074.5,0
7437,4.6001e+05,6044.3,0
7438,4.6001e+05,6014.1,0
7439,4.6001e+05,5983.9,0
7440,4.6001e+05,5953.7,0
7441,4.6001e+05,5923.5,0
7442,4.6001e+05,5893.3,0
7443,4.6002e+05,5863.1,0
7444,4.6002e+05,5832.8,0
7445,4.6002e+05,5802.6,0
7446,4.6002e+05,5772.4,0
7447,4.6002e+05,5742.2,0
7448,4.6002e+05,5712,0
7449,4.6002e+05,5681.8,0
7450,4.6003e+05,5651.6,0
7451,4.6003e+05,5621.3,0
7452,4.6003e+05,5591.1,0
7453,4.6003e+05,5560.9,0
7454,4.6003e+05,5530.7,0
7455,4.6003e+05,5500.5,0
7456,4.6003e+05,5470.3,0
7457,4.6004e+05,5440,0
7458,4.6004e+05,5409.8,0
7459,4.6004e+05,5379.6,0
7460,4.6004e+05,5349.4,0
7461,4.6004e+05,5319.2,0
7462,4.6004e+05,5288.9,0
7463,4.6004e+05,5258.7,0
7464,4.6005e+05,5228.5,0
7465,4.6005e+05,5198.3,0
7466,4.6005e+05,5168,0
7467,4.6005e+05,5137.8,0
7468,4.6005e+05,5107.6,0
7469,4.6005e+05,5077.4,0
7470,4.6005e+05,5047.1,0
7471,4.6005e+05,5016.9,0
7472,4.6006e+05,4986.7,0
7473,4.6006e+05,4956.5,0
7474,4.6006e+05,4926.2,0
7475,4.6006e+05,4896,0
7476,4.6006e+05,4865.8,0
7477,4.6006e+05,4835.5,0
7478,4.6006e+05,4805.3,0
7479,4.6006e+05,4775.1,0
7480,4.6007e+05,4744.8,0
7481,4.6007e+05,4714.6,0
7482,4.6007e+05,4684.4,0
7483,4.6007e+05,4654.1,0
7484,4.6007e+05,4623.9,0
7485,4.6007e+05,4593.7,0
7486,4.6007e+05,4563.4,0
7487,4.6007e+05,4533.2,0
7488,4.6008e+05,4503,0
7489,4.6008e+05,4472.7,0
7490,4.6008e+05,4442.5,0
7491,4.6008e+05,4412.3,0
7492,4.6008e+05,4382,0
7493,4.6008e+05,4351.8,0
7494,4.6008e+05,4321.5,0
7495,4.6008e+05,4291.3,0
7496,4.6008e+05,4261.1,0
7497,4.6009e+05,4230.8,0
7498,4.6009e+05,4200.6,0
7499,4.6009e+05,4170.3,0
7500,4.6009e+05,4140.1,0
7501,4.6009e+05,4109.9,0
7502,4.6009e+05,4079.6,0
7503,4.6009e+05,4049.4,0
7504,4.6009e+05,4019.1,0
7505,4.6009e+05,3988.9,0
7506,4.6009e+05,3958.6,0
7507,4.601e+05,3928.4,0
7508,4.601e+05,3898.2,0
7509,4.601e+05,3867.9,0
7510,4.601e+05,3837.7,0
7511,4.601e+05,3807.4,0
7512,4.601e+05,3777.2,0
7513,4.601e+05,3746.9,0
7514,4.601e+05,3716.7,0
7515,4.601e+05,3686.4,0
7516,4.601e+05,3656.2,0
7517,4.6011e+05,3625.9,0
7518,4.6011e+05,3595.7,0
7519,4.6011e+05,3565.4,0
7520,4.6011e+05,3535.2,0
7521,4.6011e+05,3504.9,0
7522,4.6011e+05,3474.7,0
7523,4.6011e+05,3444.4,0
7524,4.6011e+05,3414.2,0
7525,4.6011e+05,3383.9,0
7526,4.6011e+05,3353.7,0
7527,4.6011e+05,3323.4,0
7528,4.6012e+05,3293.2,0
7529,4.6012e+05,3262.9,0
7530,4.6012e+05,3232.7,0
7531,4.6012e+05,3202.4,0
7532,4.6012e+05,3172.1,0
7533,4.6012e+05,3141.9,0
7534,4.6012e+05,3111.6,0
7535,4.6012e+05,3081.4,0
7536,4.6012e+05,3051.1,0
7537,4.6012e+05,3020.9,0
7538,4.6012e+05,2990.6,0
7539,4.6012e+05,2960.4,0
7540,4.6012e+05,2930.1,0
7541,4.6013e+05,2899.8,0
7542,4.6013e+05,2869.6,0
7543,4.6013e+05,2839.3,0
7544,4.6013e+05,2809.1,0
7545,4.6013e+05,2778.8,0
7546,4.6013e+05,2748.6,0
7547,4.6013e+05,2718.3,0
7548,4.6013e+05,2688,0
7549,4.6013e+05,2657.8,0
7550,4.6013e+05,2627.5,0
7551,4.6013e+05,2597.3,0
7552,4.6013e+05,2567,0
7553,4.6013e+05,2536.7,0
7554,4.6013e+05,2506.5,0
7555,4.6014e+05,2476.2,0
7556,4.6014e+05,2445.9,0
7557,4.6014e+05,2415.7,0
7558,4.6014e+05,2385.4,0
7559,4.6014e+05,2355.2,0
7560,4.6014e+05,2324.9,0
7561,4.6014e+05,2294.6,0
7562,4.6014e+05,2264.4,0
7563,4.6014e+05,2234.1,0
7564,4.6014e+05,2203.8,0
7565,4.6014e+05,2173.6,0
7566,4.6014e+05,2143.3,0
7567,4.6014e+05,2113.1,0
7568,4.6014e+05,2082.8,0
7569,4.6014e+05,2052.5,0
7570,4.6014e+05,2022.3,0
7571,4.6014e+05,1992,0
7572,4.6014e+05,1961.7,0
7573,4.6015e+05,1931.5,0
7574,4.6015e+05,1901.2,0
7575,4.6015e+05,1870.9,0
7576,4.6015e+05,1840.7,0
7577,4.6015e+05,1810.4,0
7578,4.6015e+05,1780.1,0
7579,4.6015e+05,1749.9,0
7580,4.6015e+05,1719.6,0
7581,4.6015e+05,1689.3,0
7582,4.6015e+05,1659.1,0
7583,4.6015e+05,1628.8,0
7584,4.6015e+05,1598.5,0
7585,4.6015e+05,1568.3,0
7586,4.6015e+05,1538,0
7587,4.6015e+05,1507.7,0
7588,4.6015e+05,1477.4,0
7589,4.6015e+05,1447.2,0
7590,4.6015e+05,1416.9,0
7591,4.6015e+05,1386.6,0
7592,4.6015e+05,1356.4,0
7593,4.6015e+05,1326.1,0
7594,4.6015e+05,1295.8,0
7595,4.6015e+05,1265.6,0
7596,4.6015e+05,1235.3,0
7597,4.6015e+05,1205,0
7598,4.6016e+05,1174.8,0
7599,4.6016e+05,1144.5,0
7600,4.6016e+05,1114.2,0
7601,4.6016e+05,1083.9,0
7602,4.6016e+05,1053.7,0
7603,4.6016e+05,1023.4,0
7604,4.6016e+05,993.13,0
7605,4.6016e+05,962.86,0
7606,4.6016e+05,932.59,0
7607,4.6016e+05,902.32,0
7608,4.6016e+05,872.05,0
7609,4.6016e+05,841.78,0
7610,4.6016e+05,811.5,0
7611,4.6016e+05,781.23,0
7612,4.6016e+05,750.96,0
7613,4.6016e+05,720.69,0
7614,4.6016e+05,690.42,0
7615,4.6016e+05,660.15,0
7616,4.6016e+05,629.87,0
7617,4.6016e+05,599.6,0
7618,4.6016e+05,569.33,0
7619,4.6016e+05,539.06,0
7620,4.6016e+05,508.79,0
7621,4.6016e+05,478.51,0
7622,4.6016e+05,448.24,0
7623,4.6016e+05,417.97,0
7624,4.6016e+05,387.7,0
7625,4.6016e+05,357.42,0
7626,4.6016e+05,327.15,0
7627,4.6016e+05,296.88,0
7628,4.6016e+05,266.61,0
7629,4.6016e+05,236.33,0
7630,4.6016e+05,206.06,0
7631,4.6016e+05,175.79,0
7632,4.6016e+05,145.52,0
7633,4.6016e+05,115.24,0
7634,4.6016e+05,84.971,0
7635,4.6016e+05,54.698,0
7636,4.6016e+05,24.425,0
7637,4.6016e+05,-5.8473,0
7638,4.6016e+05,-36.12,0
7639,4.6016e+05,-66.393,0
7640,4.6016e+05,-96.665,0
7641,4.6016e+05,-126.94,0
7642,4.6016e+05,-157.21,0
7643,4.6016e+05,-187.48,0
7644,4.6016e+05,-217.76,0
7645,4.6016e+05,-248.03,0
7646,4.6016e+05,-278.3,0
7647,4.6016e+05,-308.57,0
7648,4.6016e+05,-338.85,0
7649,4.6016e+05,-369.12,0
7650,4.6016e+05,-399.39,0
7651,4.6016e+05,-429.66,0
7652,4.6016e+05,-459.94,0
7653,4.6016e+05,-490.21,0
7654,4.6016e+05,-520.48,0
7655,4.6016e+05,-550.75,0
7656,4.6016e+05,-581.02,0
7657,4.6016e+05,-611.3,0
7658,4.6016e+05,-641.57,0
7659,4.6016e+05,-671.84,0
7660,4.6016e+05,-702.11,0
7661,4.6016e+05,-732.38,0
7662,4.6016e+05,-762.65,0
7663,4.6016e+05,-792.93,0
7664,4.6016e+05,-823.2,0
7665,4.6016e+05,-853.47,0
7666,4.6016e+05,-883.74,0
7667,4.6016e+05,-914.01,0
7668,4.6016e+05,-944.28,0
7669,4.6016e+05,-974.55,0
7670,4.6016e+05,-1004.8,0
7671,4.6016e+05,-1035.1,0
7672,4.6016e+05,-1065.4,0
7673,4.6016e+05,-1095.6,0
7674,4.6016e+05,-1125.9,0
7675,4.6016e+05,-1156.2,0
7676,4.6016e+05,-1186.4,0
7677,4.6015e+05,-1216.7,0
7678,4.6015e+05,-1247,0
7679,4.6015e+05,-1277.3,0
7680,4.6015e+05,-1307.5,0
7681,4.6015e+05,-1337.8,0
7682,4.6015e+05,-1368.1,0
7683,4.6015e+05,-1398.3,0
7684,4.6015e+05,-1428.6,0
7685,4.6015e+05,-1458.9,0
7686,4.6015e+05,-1489.1,0
7687,4.6015e+05,-1519.4,0
7688,4.6015e+05,-1549.7,0
7689,4.6015e+05,-1579.9,0
7690,4.6015e+05,-1610.2,0
7691,4.6015e+05,-1640.5,0
7692,4.6015e+05,-1670.8,0
7693,4.6015e+05,-1701,0
7694,4.6015e+05,-1731.3,0
7695,4.6015e+05,-1761.6,0
7696,4.6015e+05,-1791.8,0
7697,4.6015e+05,-1822.1,0
7698,4.6015e+05,-1852.4,0
7699,4.6015e+05,-1882.6,0
7700,4.6015e+05,-1912.9,0
7701,4.6015e+05,-1943.2,0
7702,4.6014e+05,-1973.4,0
7703,4.6014e+05,-2003.7,0
7704,4.6014e+05,-2033.9,0
7705,4.6014e+05,-2064.2,0
7706,4.6014e+05,-2094.5,0
7707,4.6014e+05,-2124.7,0
7708,4.6014e+05,-2155,0
7709,4.6014e+05,-2185.3,0
7710,4.6014e+05,-2215.5,0
7711,4.6014e+05,-2245.8,0
7712,4.6014e+05,-2276.1,0
7713,4.6014e+05,-2306.3,0
7714,4.6014e+05,-2336.6,0
7715,4.6014e+05,-2366.9,0
7716,4.6014e+05,-2397.1,0
7717,4.6014e+05,-2427.4,0
7718,4.6014e+05,-2457.6,0
7719,4.6013e+05,-2487.9,0
7720,4.6013e+05,-2518.2,0
7721,4.6013e+05,-2548.4,0
7722,4.6013e+05,-2578.7,0
7723,4.6013e+05,-2608.9,0
7724,4.6013e+05,-2639.2,0
7725,4.6013e+05,-2669.5,0
7726,4.6013e+05,-2699.7,0
7727,4.6013e+05,-2730,0
7728,4.6013e+05,-2760.2,0
7729,4.6013e+05,-2790.5,0
7730,4.6013e+05,-2820.8,0
7731,4.6013e+05,-2851,0
7732,4.6013e+05,-2881.3,0
7733,4.6013e+05,-2911.5,0
7734,4.6012e+05,-2941.8,0
7735,4.6012e+05,-2972,0
7736,4.6012e+05,-3002.3,0
7737,4.6012e+05,-3032.6,0
7738,4.6012e+05,-3062.8,0
7739,4.6012e+05,-3093.1,0
7740,4.6012e+05,-3123.3,0
7741,4.6012e+05,-3153.6,0
7742,4.6012e+05,-3183.8,0
7743,4.6012e+05,-3214.1,0
7744,4.6012e+05,-3244.3,0
7745,4.6012e+05,-3274.6,0
7746,4.6011e+05,-3304.9,0
7747,4.6011e+05,-3335.1,0
7748,4.6011e+05,-3365.4,0
7749,4.6011e+05,-3395.6,0
7750,4.6011e+05,-3425.9,0
7751,4.6011e+05,-3456.1,0
7752,4.6011e+05,-3486.4,0
7753,4.6011e+05,-3516.6,0
7754,4.6011e+05,-3546.9,0
7755,4.6011e+05,-3577.1,0
7756,4.6011e+05,-3607.4,0
7757,4.601e+05,-3637.6,0
7758,4.601e+05,-3667.9,0
7759,4.601e+05,-3698.1,0
7760,4.601e+05,-3728.4,0
7761,4.601e+05,-3758.6,0
7762,4.601e+05,-3788.9,0
7763,4.601e+05,-3819.1,0
7764,4.601e+05,-3849.3,0
7765,4.601e+05,-3879.6,0
7766,4.601e+05,-3909.8,0
7767,4.601e+05,-3940.1,0
7768,4.6009e+05,-3970.3,0
7769,4.6009e+05,-4000.6,0
7770,4.6009e+05,-4030.8,0
7771,4.6009e+05,-4061.1,0
7772,4.6009e+05,-4091.3,0
7773,4.6009e+05,-4121.5,0
7774,4.6009e+05,-4151.8,0
7775,4.6009e+05,-4182,0
7776,4.6009e+05,-4212.3,0
7777,4.6008e+05,-4242.5,0
7778,4.6008e+05,-4272.7,0
7779,4.6008e+05,-4303,0
7780,4.6008e+05,-4333.2,0
7781,4.6008e+05,-4363.5,0
7782,4.6008e+05,-4393.7,0
7783,4.6008e+05,-4423.9,0
7784,4.6008e+05,-4454.2,0
7785,4.6008e+05,-4484.4,0
7786,4.6007e+05,-4514.6,0
7787,4.6007e+05,-4544.9,0
7788,4.6007e+05,-4575.1,0
7789,4.6007e+05,-4605.4,0
7790,4.6007e+05,-4635.6,0
7791,4.6007e+05,-4665.8,0
7792,4.6007e+05,-4696.1,0
7793,4.6007e+05,-4726.3,0
7794,4.6007e+05,-4756.5,0
7795,4.6006e+05,-4786.8,0
7796,4.6006e+05,-4817,0
7797,4.6006e+05,-4847.2,0
7798,4.6006e+05,-4877.4,0
7799,4.6006e+05,-4907.7,0
7800,4.6006e+05,-4937.9,0
7801,4.6006e+05,-4968.1,0
7802,4.6006e+05,-4998.4,0
7803,4.6005e+05,-5028.6,0
7804,4.6005e+05,-5058.8,0
7805,4.6005e+05,-5089,0
7806,4.6005e+05,-5119.3,0
7807,4.6005e+05,-5149.5,0
7808,4.6005e+05,-5179.7,0
7809,4.6005e+05,-5209.9,0
7810,4.6004e+05,-5240.2,0
7811,4.6004e+05,-5270.4,0
7812,4.6004e+05,-5300.6,0
7813,4.6004e+05,-5330.8,0
7814,4.6004e+05,-5361.1,0
7815,4.6004e+05,-5391.3,0
7816,4.6004e+05,-5421.5,0
7817,4.6004e+05,-5451.7,0
7818,4.6003e+05,-5481.9,0
7819,4.6003e+05,-5512.2,0
7820,4.6003e+05,-5542.4,0
7821,4.6003e+05,-5572.6,0
7822,4.6003e+05,-5602.8,0
7823,4.6003e+05,-5633,0
7824,4.6003e+05,-5663.2,0
7825,4.6002e+05,-5693.4,0
7826,4.6002e+05,-5723.7,0
7827,4.6002e+05,-5753.9,0
7828,4.6002e+05,-5784.1,0
7829,4.6002e+05,-5814.3,0
7830,4.6002e+05,-5844.5,0
7831,4.6001e+05,-5874.7,0
7832,4.6001e+05,-5904.9,0
7833,4.6001e+05,-5935.1,0
7834,4.6001e+05,-5965.4,0
7835,4.6001e+05,-5995.6,0
7836,4.6001e+05,-6025.8,0
7837,4.6001e+05,-6056,0
7838,4.6e+05,-6086.2,0
7839,4.6e+05,-6116.4,0
7840,4.6e+05,-6146.6,0
7841,4.6e+05,-6176.8,0
7842,4.6e+05,-6207,0
7843,4.6e+05,-6237.2,0
7844,4.5999e+05,-6267.4,0
7845,4.5999e+05,-6297.6,0
7846,4.5999e+05,-6327.8,0
7847,4.5999e+05,-6358,0
7848,4.5999e+05,-6388.2,0
7849,4.5999e+05,-6418.4,0
7850,4.5998e+05,-6448.6,0
7851,4.5998e+05,-6478.8,0
7852,4.5998e+05,-6509,0
7853,4.5998e+05,-6539.2,0
7854,4.5998e+05,-6569.4,0
7855,4.5998e+05,-6599.6,0
7856,4.5997e+05,-6629.8,0
7857,4.5997e+05,-6660,0
7858,4.5997e+05,-6690.2,0
7859,4.5997e+05,-6720.4,0
7860,4.5997e+05,-6750.5,0
7861,4.5997e+05,-6780.7,0
7862,4.5996e+05,-6810.9,0
7863,4.5996e+05,-6841.1,0
7864,4.5996e+05,-6871.3,0
7865,4.5996e+05,-6901.5,0
7866,4.5996e+05,-6931.7,0
7867,4.5996e+05,-6961.9,0
7868,4.5995e+05,-6992,0
7869,4.5995e+05,-7022.2,0
7870,4.5995e+05,-7052.4,0
7871,4.5995e+05,-7082.6,0
7872,4.5995e+05,-7112.8,0
7873,4.5994e+05,-7143,0
7874,4.5994e+05,-7173.1,0
7875,4.5994e+05,-7203.3,0
7876,4.5994e+05,-7233.5,0
7877,4.5994e+05,-7263.7,0
7878,4.5994e+05,-7293.9,0
7879,4.5993e+05,-7324,0
7880,4.5993e+05,-7354.2,0
7881,4.5993e+05,-7384.4,0
7882,4.5993e+05,-7414.6,0
7883,4.5993e+05,-7444.7,0
7884,4.5992e+05,-7474.9,0
7885,4.5992e+05,-7505.1,0
7886,4.5992e+05,-7535.2,0
7887,4.5992e+05,-7565.4,0
7888,4.5992e+05,-7595.6,0
7889,4.5991e+05,-7625.8,0
7890,4.5991e+05,-7655.9,0
7891,4.5991e+05,-7686.1,0
7892,4.5991e+05,-7716.3,0
7893,4.5991e+05,-7746.4,0
7894,4.599e+05,-7776.6,0
7895,4.599e+05,-7806.7,0
7896,4.599e+05,-7836.9,0
7897,4.599e+05,-7867.1,0
7898,4.599e+05,-7897.2,0
7899,4.5989e+05,-7927.4,0
7900,4.5989e+05,-7957.6,0
7901,4.5989e+05,-7987.7,0
7902,4.5989e+05,-8017.9,0
7903,4.5989e+05,-8048,0
7904,4.5988e+05,-8078.2,0
7905,4.5988e+05,-8108.3,0
7906,4.5988e+05,-8138.5,0
7907,4.5988e+05,-8168.6,0
7908,4.5988e+05,-8198.8,0
7909,4.5987e+05,-8228.9,0
7910,4.5987e+05,-8259.1,0
7911,4.5987e+05,-8289.2,0
7912,4.5987e+05,-8319.4,0
7913,4.5987e+05,-8349.5,0
7914,4.5986e+05,-8379.7,0
7915,4.5986e+05,-8409.8,0
7916,4.5986e+05,-8440,0
7917,4.5986e+05,-8470.1,0
7918,4.5985e+05,-8500.3,0
7919,4.5985e+05,-8530.4,0
7920,4.5985e+05,-8560.6,0
7921,4.5985e+05,-8590.7,0
7922,4.5985e+05,-8620.8,0
7923,4.5984e+05,-8651,0
7924,4.5984e+05,-8681.1,0
7925,4.5984e+05,-8711.2,0
7926,4.5984e+05,-8741.4,0
7927,4.5983e+05,-8771.5,0
7928,4.5983e+05,-8801.6,0
7929,4.5983e+05,-8831.8,0
7930,4.5983e+05,-8861.9,0
7931,4.5983e+05,-8892,0
7932,4.5982e+05,-8922.2,0
7933,4.5982e+05,-8952.3,0
7934,4.5982e+05,-8982.4,0
7935,4.5982e+05,-9012.6,0
7936,4.5981e+05,-9042.7,0
7937,4.5981e+05,-9072.8,0
7938,4.5981e+05,-9102.9,0
7939,4.5981e+05,-9133.1,0
7940,4.598e+05,-9163.2,0
7941,4.598e+05,-9193.3,0
7942,4.598e+05,-9223.4,0
7943,4.598e+05,-9253.5,0
7944,4.598e+05,-9283.7,0
7945,4.5979e+05,-9313.8,0
7946,4.5979e+05,-9343.9,0
7947,4.5979e+05,-9374,0
7948,4.5979e+05,-9404.1,0
7949,4.5978e+05,-9434.2,0
7950,4.5978e+05,-9464.3,0
7951,4.5978e+05,-9494.5,0
7952,4.5978e+05,-9524.6,0
7953,4.5977e+05,-9554.7,0
7954,4.5977e+05,-9584.8,0
7955,4.5977e+05,-9614.9,0
7956,4.5977e+05,-9645,0
7957,4.5976e+05,-9675.1,0
7958,4.5976e+05,-9705.2,0
7959,4.5976e+05,-9735.3,0
7960,4.5976e+05,-9765.4,0
7961,4.5975e+05,-9795.5,0
7962,4.5975e+05,-9825.6,0
7963,4.5975e+05,-9855.7,0
7964,4.5975e+05,-9885.8,0
7965,4.5974e+05,-9915.9,0
7966,4.5974e+05,-9946,0
7967,4.5974e+05,-9976.1,0
7968,4.5974e+05,-10006,0
7969,4.5973e+05,-10036,0
7970,4.5973e+05,-10066,0
7971,4.5973e+05,-10096,0
7972,4.5973e+05,-10127,0
7973,4.5972e+05,-10157,0
7974,4.5972e+05,-10187,0
7975,4.5972e+05,-10217,0
7976,4.5972e+05,-10247,0
7977,4.5971e+05,-10277,0
7978,4.5971e+05,-10307,0
7979,4.5971e+05,-10337,0
7980,4.597e+05,-10367,0
7981,4.597e+05,-10397,0
7982,4.597e+05,-10427,0
7983,4.597e+05,-10457,0
7984,4.5969e+05,-10488,0
7985,4.5969e+05,-10518,0
7986,4.5969e+05,-10548,0
7987,4.5969e+05,-10578,0
7988,4.5968e+05,-10608,0
7989,4.5968e+05,-10638,0
7990,4.5968e+05,-10668,0
7991,4.5968e+05,-10698,0
7992,4.5967e+05,-10728,0
7993,4.5967e+05,-10758,0
7994,4.5967e+05,-10788,0
7995,4.5966e+05,-10818,0
7996,4.5966e+05,-10848,0
7997,4.5966e+05,-10878,0
7998,4.5966e+05,-10908,0
7999,4.5965e+05,-10939,0
8000,4.5965e+05,-10969,0
8001,4.5965e+05,-10999,0
8002,4.5964e+05,-11029,0
8003,4.5964e+05,-11059,0
8004,4.5964e+05,-11089,0
8005,4.5964e+05,-11119,0
8006,4.5963e+05,-11149,0
8007,4.5963e+05,-11179,0
8008,4.5963e+05,-11209,0
8009,4.5962e+05,-11239,0
8010,4.5962e+05,-11269,0
8011,4.5962e+05,-11299,0
8012,4.5962e+05,-11329,0
8013,4.5961e+05,-11359,0
8014,4.5961e+05,-11389,0
8015,4.5961e+05,-11419,0
8016,4.596e+05,-11449,0
8017,4.596e+05,-11479,0
8018,4.596e+05,-11509,0
8019,4.596e+05,-11539,0
8020,4.5959e+05,-11569,0
8021,4.5959e+05,-11599,0
8022,4.5959e+05,-11630,0
8023,4.5958e+05,-11660,0
8024,4.5958e+05,-11690,0
8025,4.5958e+05,-11720,0
8026,4.5957e+05,-11750,0
8027,4.5957e+05,-11780,0
8028,4.5957e+05,-11810,0
8029,4.5957e+05,-11840,0
8030,4.5956e+05,-11870,0
8031,4.5956e+05,-11900,0
8032,4.5956e+05,-11930,0
8033,4.5955e+05,-11960,0
8034,4.5955e+05,-11990,0
8035,4.5955e+05,-12020,0
8036,4.5954e+05,-12050,0
8037,4.5954e+05,-12080,0
8038,4.5954e+05,-12110,0
8039,4.5953e+05,-12140,0
8040,4.5953e+05,-12170,0
8041,4.5953e+05,-12200,0
8042,4.5953e+05,-12230,0
8043,4.5952e+05,-12260,0
8044,4.5952e+05,-12290,0
8045,4.5952e+05,-12320,0
8046,4.5951e+05,-12350,0
8047,4.5951e+05,-12380,0
8048,4.5951e+05,-12410,0
8049,4.595e+05,-12440,0
8050,4.595e+05,-12470,0
8051,4.595e+05,-12500,0
8052,4.5949e+05,-12530,0
8053,4.5949e+05,-12560,0
8054,4.5949e+05,-12590,0
8055,4.5948e+05,-12620,0
8056,4.5948e+05,-12650,0
8057,4.5948e+05,-12680,0
8058,4.5947e+05,-12710,0
8059,4.5947e+05,-12740,0
8060,4.5947e+05,-12770,0
8061,4.5946e+05,-12800,0
8062,4.5946e+05,-12830,0
8063,4.5946e+05,-12860,0
8064,4.5945e+05,-12890,0
8065,4.5945e+05,-12920,0
8066,4.5945e+05,-12950,0
8067,4.5945e+05,-12979,0
8068,4.5944e+05,-13009,0
8069,4.5944e+05,-13039,0
8070,4.5944e+05,-13069,0
8071,4.5943e+05,-13099,0
8072,4.5943e+05,-13129,0
8073,4.5942e+05,-13159,0
8074,4.5942e+05,-13189,0
8075,4.5942e+05,-13219,0
8076,4.5941e+05,-13249,0
8077,4.5941e+05,-13279,0
8078,4.5941e+05,-13309,0
8079,4.594e+05,-13339,0
8080,4.594e+05,-13369,0
8081,4.594e+05,-13399,0
8082,4.5939e+05,-13429,0
8083,4.5939e+05,-13459,0
8084,4.5939e+05,-13489,0
8085,4.5938e+05,-13519,0
8086,4.5938e+05,-13549,0
8087,4.5938e+05,-13579,0
8088,4.5937e+05,-13609,0
8089,4.5937e+05,-13638,0
8090,4.5937e+05,-13668,0
8091,4.5936e+05,-13698,0
8092,4.5936e+05,-13728,0
8093,4.5936e+05,-13758,0
8094,4.5935e+05,-13788,0
8095,4.5935e+05,-13818,0
8096,4.5935e+05,-13848,0
8097,4.5934e+05,-13878,0
8098,4.5934e+05,-13908,0
8099,4.5933e+05,-13938,0
8100,4.5933e+05,-13968,0
8101,4.5933e+05,-13998,0
8102,4.5932e+05,-14028,0
8103,4.5932e+05,-14057,0
8104,4.5932e+05,-14087,0
8105,4.5931e+05,-14117,0
8106,4.5931e+05,-14147,0
8107,4.5931e+05,-14177,0
8108,4.593e+05,-14207,0
8109,4.593e+05,-14237,0
8110,4.593e+05,-14267,0
8111,4.5929e+05,-14297,0
8112,4.5929e+05,-14327,0
8113,4.5928e+05,-14357,0
8114,4.5928e+05,-14386,0
8115,4.5928e+05,-14416,0
8116,4.5927e+05,-14446,0
8117,4.5927e+05,-14476,0
8118,4.5927e+05,-14506,0
8119,4.5926e+05,-14536,0
8120,4.5926e+05,-14566,0
8121,4.5925e+05,-14596,0
8122,4.5925e+05,-14626,0
8123,4.5925e+05,-14655,0
8124,4.5924e+05,-14685,0
8125,4.5924e+05,-14715,0
8126,4.5924e+05,-14745,0
8127,4.5923e+05,-14775,0
8128,4.5923e+05,-14805,0
8129,4.5922e+05,-14835,0
8130,4.5922e+05,-14865,0
8131,4.5922e+05,-14895,0
8132,4.5921e+05,-14924,0
8133,4.5921e+05,-14954,0
8134,4.5921e+05,-14984,0
8135,4.592e+05,-15014,0
8136,4.592e+05,-15044,0
8137,4.5919e+05,-15074,0
8138,4.5919e+05,-15104,0
8139,4.5919e+05,-15133,0
8140,4.5918e+05,-15163,0
8141,4.5918e+05,-15193,0
8142,4.5917e+05,-15223,0
8143,4.5917e+05,-15253,0
8144,4.5917e+05,-15283,0
8145,4.5916e+05,-15313,0
8146,4.5916e+05,-15342,0
8147,4.5916e+05,-15372,0
8148,4.5915e+05,-15402,0
8149,4.5915e+05,-15432,0
8150,4.5914e+05,-15462,0
8151,4.5914e+05,-15492,0
8152,4.5914e+05,-15521,0
8153,4.5913e+05,-15551,0
8154,4.5913e+05,-15581,0
8155,4.5912e+05,-15611,0
8156,4.5912e+05,-15641,0
8157,4.5912e+05,-15671,0
8158,4.5911e+05,-15700,0
8159,4.5911e+05,-15730,0
8160,4.591e+05,-15760,0
8161,4.591e+05,-15790,0
8162,4.591e+05,-15820,0
8163,4.5909e+05,-15850,0
8164,4.5909e+05,-15879,0
8165,4.5908e+05,-15909,0
8166,4.5908e+05,-15939,0
8167,4.5908e+05,-15969,0
8168,4.5907e+05,-15999,0
8169,4.5907e+05,-16028,0
8170,4.5906e+05,-16058,0
8171,4.5906e+05,-16088,0
8172,4.5905e+05,-16118,0
8173,4.5905e+05,-16148,0
8174,4.5905e+05,-16178,0
8175,4.5904e+05,-16207,0
8176,4.5904e+05,-16237,0
8177,4.5903e+05,-16267,0
8178,4.5903e+05,-16297,0
8179,4.5903e+05,-16327,0
8180,4.5902e+05,-16356,0
8181,4.5902e+05,-16386,0
8182,4.5901e+05,-16416,0
8183,4.5901e+05,-16446,0
8184,4.59e+05,-16475,0
8185,4.59e+05,-16505,0
8186,4.59e+05,-16535,0
8187,4.5899e+05,-16565,0
8188,4.5899e+05,-16595,0
8189,4.5898e+05,-16624,0
8190,4.5898e+05,-16654,0
8191,4.5898e+05,-16684,0
8192,4.5897e+05,-16714,0
8193,4.5897e+05,-16743,0
8194,4.5896e+05,-16773,0
8195,4.5896e+05,-16803,0
8196,4.5895e+05,-16833,0
8197,4.5895e+05,-16862,0
8198,4.5895e+05,-16892,0
8199,4.5894e+05,-16922,0
8200,4.5894e+05,-16952,0
8201,4.5893e+05,-16982,0
8202,4.5893e+05,-17011,0
8203,4.5892e+05,-17041,0
8204,4.5892e+05,-17071,0
8205,4.5891e+05,-17101,0
8206,4.5891e+05,-17130,0
8207,4.5891e+05,-17160,0
8208,4.589e+05,-17190,0
8209,4.589e+05,-17219,0
8210,4.5889e+05,-17249,0
8211,4.5889e+05,-17279,0
8212,4.5888e+05,-17309,0
8213,4.5888e+05,-17338,0
8214,4.5888e+05,-17368,0
8215,4.5887e+05,-17398,0
8216,4.5887e+05,-17428,0
8217,4.5886e+05,-17457,0
8218,4.5886e+05,-17487,0
8219,4.5885e+05,-17517,0
8220,4.5885e+05,-17546,0
8221,4.5884e+05,-17576,0
8222,4.5884e+05,-17606,0
8223,4.5884e+05,-17636,0
8224,4.5883e+05,-17665,0
8225,4.5883e+05,-17695,0
8226,4.5882e+05,-17725,0
8227,4.5882e+05,-17754,0
8228,4.5881e+05,-17784,0
8229,4.5881e+05,-17814,0
8230,4.588e+05,-17844,0
8231,4.588e+05,-17873,0
8232,4.5879e+05,-17903,0
8233,4.5879e+05,-17933,0
8234,4.5879e+05,-17962,0
8235,4.5878e+05,-17992,0
8236,4.5878e+05,-18022,0
8237,4.5877e+05,-18051,0
8238,4.5877e+05,-18081,0
8239,4.5876e+05,-18111,0
8240,4.5876e+05,-18140,0
8241,4.5875e+05,-18170,0
8242,4.5875e+05,-18200,0
8243,4.5874e+05,-18229,0
8244,4.5874e+05,-18259,0
8245,4.5873e+05,-18289,0
8246,4.5873e+05,-18318,0
8247,4.5872e+05,-18348,0
8248,4.5872e+05,-18378,0
8249,4.5872e+05,-18407,0
8250,4.5871e+05,-18437,0
8251,4.5871e+05,-18467,0
8252,4.587e+05,-18496,0
8253,4.587e+05,-18526,0
8254,4.5869e+05,-18556,0
8255,4.5869e+05,-18585,0
8256,4.5868e+05,-18615,0
8257,4.5868e+05,-18645,0
8258,4.5867e+05,-18674,0
8259,4.5867e+05,-18704,0
8260,4.5866e+05,-18734,0
8261,4.5866e+05,-18763,0
8262,4.5865e+05,-18793,0
8263,4.5865e+05,-18823,0
8264,4.5864e+05,-18852,0
8265,4.5864e+05,-18882,0
8266,4.5863e+05,-18911,0
8267,4.5863e+05,-18941,0
8268,4.5862e+05,-18971,0
8269,4.5862e+05,-19000,0
8270,4.5862e+05,-19030,0
8271,4.5861e+05,-19060,0
8272,4.5861e+05,-19089,0
8273,4.586e+05,-19119,0
8274,4.586e+05,-19148,0
8275,4.5859e+05,-19178,0
8276,4.5859e+05,-19208,0
8277,4.5858e+05,-19237,0
8278,4.5858e+05,-19267,0
8279,4.5857e+05,-19296,0
8280,4.5857e+05,-19326,0
8281,4.5856e+05,-19356,0
8282,4.5856e+05,-19385,0
8283,4.5855e+05,-19415,0
8284,4.5855e+05,-19444,0
8285,4.5854e+05,-19474,0
8286,4.5854e+05,-19504,0
8287,4.5853e+05,-19533,0
8288,4.5853e+05,-19563,0
8289,4.5852e+05,-19592,0
8290,4.5852e+05,-19622,0
8291,4.5851e+05,-19651,0
8292,4.5851e+05,-19681,0
8293,4.585e+05,-19711,0
8294,4.585e+05,-19740,0
8295,4.5849e+05,-19770,0
8296,4.5849e+05,-19799,0
8297,4.5848e+05,-19829,0
8298,4.5848e+05,-19858,0
8299,4.5847e+05,-19888,0
8300,4.5847e+05,-19918,0
8301,4.5846e+05,-19947,0
8302,4.5846e+05,-19977,0
8303,4.5845e+05,-20006,0
8304,4.5845e+05,-20036,0
8305,4.5844e+05,-20065,0
8306,4.5844e+05,-20095,0
8307,4.5843e+05,-20124,0
8308,4.5843e+05,-20154,0
8309,4.5842e+05,-20184,0
8310,4.5842e+05,-20213,0
8311,4.5841e+05,-20243,0
8312,4.584e+05,-20272,0
8313,4.584e+05,-20302,0
8314,4.5839e+05,-20331,0
8315,4.5839e+05,-20361,0
8316,4.5838e+05,-20390,0
8317,4.5838e+05,-20420,0
8318,4.5837e+05,-20449,0
8319,4.5837e+05,-20479,0
8320,4.5836e+05,-20508,0
8321,4.5836e+05,-20538,0
8322,4.5835e+05,-20567,0
8323,4.5835e+05,-20597,0
8324,4.5834e+05,-20626,0
8325,4.5834e+05,-20656,0
8326,4.5833e+05,-20685,0
8327,4.5833e+05,-20715,0
8328,4.5832e+05,-20744,0
8329,4.5832e+05,-20774,0
8330,4.5831e+05,-20803,0
8331,4.5831e+05,-20833,0
8332,4.583e+05,-20862,0
8333,4.5829e+05,-20892,0
8334,4.5829e+05,-20921,0
8335,4.5828e+05,-20951,0
8336,4.5828e+05,-20980,0
8337,4.5827e+05,-21010,0
8338,4.5827e+05,-21039,0
8339,4.5826e+05,-21069,0
8340,4.5826e+05,-21098,0
8341,4.5825e+05,-21128,0
8342,4.5825e+05,-21157,0
8343,4.5824e+05,-21187,0
8344,4.5824e+05,-21216,0
8345,4.5823e+05,-21245,0
8346,4.5823e+05,-21275,0
8347,4.5822e+05,-21304,0
8348,4.5821e+05,-21334,0
8349,4.5821e+05,-21363,0
8350,4.582e+05,-21393,0
8351,4.582e+05,-21422,0
8352,4.5819e+05,-21452,0
8353,4.5819e+05,-21481,0
8354,4.5818e+05,-21510,0
8355,4.5818e+05,-21540,0
8356,4.5817e+05,-21569,0
8357,4.5817e+05,-21599,0
8358,4.5816e+05,-21628,0
8359,4.5815e+05,-21658,0
8360,4.5815e+05,-21687,0
8361,4.5814e+05,-21716,0
8362,4.5814e+05,-21746,0
8363,4.5813e+05,-21775,0
8364,4.5813e+05,-21805,0
8365,4.5812e+05,-21834,0
8366,4.5812e+05,-21864,0
8367,4.5811e+05,-21893,0
8368,4.581e+05,-21922,0
8369,4.581e+05,-21952,0
8370,4.5809e+05,-21981,0
8371,4.5809e+05,-22011,0
8372,4.5808e+05,-22040,0
8373,4.5808e+05,-22069,0
8374,4.5807e+05,-22099,0
8375,4.5806e+05,-22128,0
8376,4.5806e+05,-22158,0
8377,4.5805e+05,-22187,0
8378,4.5805e+05,-22216,0
8379,4.5804e+05,-22246,0
8380,4.5804e+05,-22275,0
8381,4.5803e+05,-22304,0
8382,4.5803e+05,-22334,0
8383,4.5802e+05,-22363,0
8384,4.5801e+05,-22393,0
8385,4.5801e+05,-22422,0
8386,4.58e+05,-22451,0
8387,4.58e+05,-22481,0
8388,4.5799e+05,-22510,0
8389,4.5799e+05,-22539,0
8390,4.5798e+05,-22569,0
8391,4.5797e+05,-22598,0
8392,4.5797e+05,-22627,0
8393,4.5796e+05,-22657,0
8394,4.5796e+05,-22686,0
8395,4.5795e+05,-22715,0
8396,4.5795e+05,-22745,0
8397,4.5794e+05,-22774,0
8398,4.5793e+05,-22803,0
8399,4.5793e+05,-22833,0
8400,4.5792e+05,-22862,0
8401,4.5792e+05,-22891,0
8402,4.5791e+05,-22921,0
8403,4.579e+05,-22950,0
8404,4.579e+05,-22979,0
8405,4.5789e+05,-23009,0
8406,4.5789e+05,-23038,0
8407,4.5788e+05,-23067,0
8408,4.5788e+05,-23097,0
8409,4.5787e+05,-23126,0
8410,4.5786e+05,-23155,0
8411,4.5786e+05,-23185,0
8412,4.5785e+05,-23214,0
8413,4.5785e+05,-23243,0
8414,4.5784e+05,-23272,0
8415,4.5783e+05,-23302,0
8416,4.5783e+05,-23331,0
8417,4.5782e+05,-23360,0
8418,4.5782e+05,-23390,0
8419,4.5781e+05,-23419,0
8420,4.578e+05,-23448,0
8421,4.578e+05,-23477,0
8422,4.5779e+05,-23507,0
8423,4.5779e+05,-23536,0
8424,4.5778e+05,-23565,0
8425,4.5777e+05,-23595,0
8426,4.5777e+05,-23624,0
8427,4.5776e+05,-23653,0
8428,4.5776e+05,-23682,0
8429,4.5775e+05,-23712,0
8430,4.5774e+05,-23741,0
8431,4.5774e+05,-23770,0
8432,4.5773e+05,-23799,0
8433,4.5773e+05,-23829,0
8434,4.5772e+05,-23858,0
8435,4.5771e+05,-23887,0
8436,4.5771e+05,-23916,0
8437,4.577e+05,-23946,0
8438,4.577e+05,-23975,0
8439,4.5769e+05,-24004,0
8440,4.5768e+05,-24033,0
8441,4.5768e+05,-24062,0
8442,4.5767e+05,-24092,0
8443,4.5767e+05,-24121,0
8444,4.5766e+05,-24150,0
8445,4.5765e+05,-24179,0
8446,4.5765e+05,-24209,0
8447,4.5764e+05,-24238,0
8448,4.5763e+05,-24267,0
8449,4.5763e+05,-24296,0
8450,4.5762e+05,-24325,0
8451,4.5762e+05,-24355,0
8452,4.5761e+05,-24384,0
8453,4.576e+05,-24413,0
8454,4.576e+05,-24442,0
8455,4.5759e+05,-24471,0
8456,4.5758e+05,-24501,0
8457,4.5758e+05,-24530,0
8458,4.5757e+05,-24559,0
8459,4.5757e+05,-24588,0
8460,4.5756e+05,-24617,0
8461,4.5755e+05,-24646,0
8462,4.5755e+05,-24676,0
8463,4.5754e+05,-24705,0
8464,4.5753e+05,-24734,0
8465,4.5753e+05,-24763,0
8466,4.5752e+05,-24792,0
8467,4.5752e+05,-24821,0
8468,4.5751e+05,-24851,0
8469,4.575e+05,-24880,0
8470,4.575e+05,-24909,0
8471,4.5749e+05,-24938,0
8472,4.5748e+05,-24967,0
8473,4.5748e+05,-24996,0
8474,4.5747e+05,-25026,0
8475,4.5747e+05,-25055,0
8476,4.5746e+05,-25084,0
8477,4.5745e+05,-25113,0
8478,4.5745e+05,-25142,0
8479,4.5744e+05,-25171,0
8480,4.5743e+05,-25200,0
8481,4.5743e+05,-25229,0
8482,4.5742e+05,-25259,0
8483,4.5741e+05,-25288,0
8484,4.5741e+05,-25317,0
8485,4.574e+05,-25346,0
8486,4.5739e+05,-25375,0
8487,4.5739e+05,-25404,0
8488,4.5738e+05,-25433,0
8489,4.5738e+05,-25462,0
8490,4.5737e+05,-25491,0
8491,4.5736e+05,-25520,0
8492,4.5736e+05,-25550,0
8493,4.5735e+05,-25579,0
8494,4.5734e+05,-25608,0
8495,4.5734e+05,-25637,0
8496,4.5733e+05,-25666,0
8497,4.5732e+05,-25695,0
8498,4.5732e+05,-25724,0
8499,4.5731e+05,-25753,0
8500,4.573e+05,-25782,0
8501,4.573e+05,-25811,0
8502,4.5729e+05,-25840,0
8503,4.5728e+05,-25869,0
8504,4.5728e+05,-25898,0
8505,4.5727e+05,-25928,0
8506,4.5726e+05,-25957,0
8507,4.5726e+05,-25986,0
8508,4.5725e+05,-26015,0
8509,4.5724e+05,-26044,0
8510,4.5724e+05,-26073,0
8511,4.5723e+05,-26102,0
8512,4.5723e+05,-26131,0
8513,4.5722e+05,-26160,0
8514,4.5721e+05,-26189,0
8515,4.5721e+05,-26218,0
8516,4.572e+05,-26247,0
8517,4.5719e+05,-26276,0
8518,4.5719e+05,-26305,0
8519,4.5718e+05,-26334,0
8520,4.5717e+05,-26363,0
8521,4.5717e+05,-26392,0
8522,4.5716e+05,-26421,0
8523,4.5715e+05,-26450,0
8524,4.5715e+05,-26479,0
8525,4.5714e+05,-26508,0
8526,4.5713e+05,-26537,0
8527,4.5712e+05,-26566,0
8528,4.5712e+05,-26595,0
8529,4.5711e+05,-26624,0
8530,4.571e+05,-26653,0
8531,4.571e+05,-26682,0
8532,4.5709e+05,-26711,0
8533,4.5708e+05,-26740,0
8534,4.5708e+05,-26769,0
8535,4.5707e+05,-26798,0
8536,4.5706e+05,-26827,0
8537,4.5706e+05,-26856,0
8538,4.5705e+05,-26885,0
8539,4.5704e+05,-26914,0
8540,4.5704e+05,-26943,0
8541,4.5703e+05,-26972,0
8542,4.5702e+05,-27001,0
8543,4.5702e+05,-27030,0
8544,4.5701e+05,-27059,0
8545,4.57e+05,-27088,0
8546,4.57e+05,-27117,0
8547,4.5699e+05,-27145,0
8548,4.5698e+05,-27174,0
8549,4.5697e+05,-27203,0
8550,4.5697e+05,-27232,0
8551,4.5696e+05,-27261,0
8552,4.5695e+05,-27290,0
8553,4.5695e+05,-27319,0
8554,4.5694e+05,-27348,0
8555,4.5693e+05,-27377,0
8556,4.5693e+05,-27406,0
8557,4.5692e+05,-27435,0
8558,4.5691e+05,-27464,0
8559,4.5691e+05,-27493,0
8560,4.569e+05,-27521,0
8561,4.5689e+05,-27550,0
8562,4.5688e+05,-27579,0
8563,4.5688e+05,-27608,0
8564,4.5687e+05,-27637,0
8565,4.5686e+05,-27666,0
8566,4.5686e+05,-27695,0
8567,4.5685e+05,-27724,0
8568,4.5684e+05,-27753,0
8569,4.5684e+05,-27781,0
8570,4.5683e+05,-27810,0
8571,4.5682e+05,-27839,0
8572,4.5681e+05,-27868,0
8573,4.5681e+05,-27897,0
8574,4.568e+05,-27926,0
8575,4.5679e+05,-27955,0
8576,4.5679e+05,-27983,0
8577,4.5678e+05,-28012,0
8578,4.5677e+05,-28041,0
8579,4.5676e+05,-28070,0
8580,4.5676e+05,-28099,0
8581,4.5675e+05,-28128,0
8582,4.5674e+05,-28157,0
8583,4.5674e+05,-28185,0
8584,4.5673e+05,-28214,0
8585,4.5672e+05,-28243,0
8586,4.5671e+05,-28272,0
8587,4.5671e+05,-28301,0
8588,4.567e+05,-28329,0
8589,4.5669e+05,-28358,0
8590,4.5669e+05,-28387,0
8591,4.5668e+05,-28416,0
8592,4.5667e+05,-28445,0
8593,4.5666e+05,-28474,0
8594,4.5666e+05,-28502,0
8595,4.5665e+05,-28531,0
8596,4.5664e+05,-28560,0
8597,4.5664e+05,-28589,0
8598,4.5663e+05,-28618,0
8599,4.5662e+05,-28646,0
8600,4.5661e+05,-28675,0
8601,4.5661e+05,-28704,0
8602,4.566e+05,-28733,0
8603,4.5659e+05,-28761,0
8604,4.5658e+05,-28790,0
8605,4.5658e+05,-28819,0
8606,4.5657e+05,-28848,0
8607,4.5656e+05,-28876,0
8608,4.5656e+05,-28905,0
8609,4.5655e+05,-28934,0
8610,4.5654e+05,-28963,0
8611,4.5653e+05,-28992,0
8612,4.5653e+05,-29020,0
8613,4.5652e+05,-29049,0
8614,4.5651e+05,-29078,0
8615,4.565e+05,-29106,0
8616,4.565e+05,-29135,0
8617,4.5649e+05,-29164,0
8618,4.5648e+05,-29193,0
8619,4.5647e+05,-29221,0
8620,4.5647e+05,-29250,0
8621,4.5646e+05,-29279,0
8622,4.5645e+05,-29308,0
8623,4.5645e+05,-29336,0
8624,4.5644e+05,-29365,0
8625,4.5643e+05,-29394,0
8626,4.5642e+05,-29422,0
8627,4.5642e+05,-29451,0
8628,4.5641e+05,-29480,0
8629,4.564e+05,-29508,0
8630,4.5639e+05,-29537,0
8631,4.5639e+05,-29566,0
8632,4.5638e+05,-29595,0
8633,4.5637e+05,-29623,0
8634,4.5636e+05,-29652,0
8635,4.5636e+05,-29681,0
8636,4.5635e+05,-29709,0
8637,4.5634e+05,-29738,0
8638,4.5633e+05,-29767,0
8639,4.5633e+05,-29795,0
8640,4.5632e+05,-29824,0
8641,4.5631e+05,-29853,0
8642,4.563e+05,-29881,0
8643,4.563e+05,-29910,0
8644,4.5629e+05,-29939,0
8645,4.5628e+05,-29967,0
8646,4.5627e+05,-29996,0
8647,4.5627e+05,-30024,0
8648,4.5626e+05,-30053,0
8649,4.5625e+05,-30082,0
8650,4.5624e+05,-30110,0
8651,4.5623e+05,-30139,0
8652,4.5623e+05,-30168,0
8653,4.5622e+05,-30196,0
8654,4.5621e+05,-30225,0
8655,4.562e+05,-30253,0
8656,4.562e+05,-30282,0
8657,4.5619e+05,-30311,0
8658,4.5618e+05,-30339,0
8659,4.5617e+05,-30368,0
8660,4.5617e+05,-30396,0
8661,4.5616e+05,-30425,0
8662,4.5615e+05,-30454,0
8663,4.5614e+05,-30482,0
8664,4.5614e+05,-30511,0
8665,4.5613e+05,-30539,0
8666,4.5612e+05,-30568,0
8667,4.5611e+05,-30597,0
8668,4.561e+05,-30625,0
8669,4.561e+05,-30654,0
8670,4.5609e+05,-30682,0
8671,4.5608e+05,-30711,0
8672,4.5607e+05,-30739,0
8673,4.5607e+05,-30768,0
8674,4.5606e+05,-30797,0
8675,4.5605e+05,-30825,0
8676,4.5604e+05,-30854,0
8677,4.5603e+05,-30882,0
8678,4.5603e+05,-30911,0
8679,4.5602e+05,-30939,0
8680,4.5601e+05,-30968,0
8681,4.56e+05,-30996,0
8682,4.56e+05,-31025,0
8683,4.5599e+05,-31053,0
8684,4.5598e+05,-31082,0
8685,4.5597e+05,-31110,0
8686,4.5596e+05,-31139,0
8687,4.5596e+05,-31167,0
8688,4.5595e+05,-31196,0
8689,4.5594e+05,-31224,0
8690,4.5593e+05,-31253,0
8691,4.5592e+05,-31281,0
8692,4.5592e+05,-31310,0
8693,4.5591e+05,-31338,0
8694,4.559e+05,-31367,0
8695,4.5589e+05,-31395,0
8696,4.5588e+05,-31424,0
8697,4.5588e+05,-31452,0
8698,4.5587e+05,-31481,0
8699,4.5586e+05,-31509,0
8700,4.5585e+05,-31538,0
8701,4.5585e+05,-31566,0
8702,4.5584e+05,-31595,0
8703,4.5583e+05,-31623,0
8704,4.5582e+05,-31652,0
8705,4.5581e+05,-31680,0
8706,4.5581e+05,-31709,0
8707,4.558e+05,-31737,0
8708,4.5579e+05,-31765,0
8709,4.5578e+05,-31794,0
8710,4.5577e+05,-31822,0
8711,4.5576e+05,-31851,0
8712,4.5576e+05,-31879,0
8713,4.5575e+05,-31908,0
8714,4.5574e+05,-31936,0
8715,4.5573e+05,-31964,0
8716,4.5572e+05,-31993,0
8717,4.5572e+05,-32021,0
8718,4.5571e+05,-32050,0
8719,4.557e+05,-32078,0
8720,4.5569e+05,-32106,0
8721,4.5568e+05,-32135,0
8722,4.5568e+05,-32163,0
8723,4.5567e+05,-32192,0
8724,4.5566e+05,-32220,0
8725,4.5565e+05,-32248,0
8726,4.5564e+05,-32277,0
8727,4.5564e+05,-32305,0
8728,4.5563e+05,-32334,0
8729,4.5562e+05,-32362,0
8730,4.5561e+05,-32390,0
8731,4.556e+05,-32419,0
8732,4.5559e+05,-32447,0
8733,4.5559e+05,-32475,0
8734,4.5558e+05,-32504,0
8735,4.5557e+05,-32532,0
8736,4.5556e+05,-32560,0
8737,4.5555e+05,-32589,0
8738,4.5555e+05,-32617,0
8739,4.5554e+05,-32645,0
8740,4.5553e+05,-32674,0
8741,4.5552e+05,-32702,0
8742,4.5551e+05,-32730,0
8743,4.555e+05,-32759,0
8744,4.555e+05,-32787,0
8745,4.5549e+05,-32815,0
8746,4.5548e+05,-32844,0
8747,4.5547e+05,-32872,0
8748,4.5546e+05,-32900,0
8749,4.5545e+05,-32929,0
8750,4.5545e+05,-32957,0
8751,4.5544e+05,-32985,0
8752,4.5543e+05,-33014,0
8753,4.5542e+05,-33042,0
8754,4.5541e+05,-33070,0
8755,4.554e+05,-33098,0
8756,4.554e+05,-33127,0
8757,4.5539e+05,-33155,0
8758,4.5538e+05,-33183,0
8759,4.5537e+05,-33211,0
8760,4.5536e+05,-33240,0
8761,4.5535e+05,-33268,0
8762,4.5535e+05,-33296,0
8763,4.5534e+05,-33325,0
8764,4.5533e+05,-33353,0
8765,4.5532e+05,-33381,0
8766,4.5531e+05,-33409,0
8767,4.553e+05,-33437,0
8768,4.553e+05,-33466,0
8769,4.5529e+05,-33494,0
8770,4.5528e+05,-33522,0
8771,4.5527e+05,-33550,0
8772,4.5526e+05,-33579,0
8773,4.5525e+05,-33607,0
8774,4.5524e+05,-33635,0
8775,4.5524e+05,-33663,0
8776,4.5523e+05,-33692,0
8777,4.5522e+05,-33720,0
8778,4.5521e+05,-33748,0
8779,4.552e+05,-33776,0
8780,4.5519e+05,-33804,0
8781,4.5519e+05,-33833,0
8782,4.5518e+05,-33861,0
8783,4.5517e+05,-33889,0
8784,4.5516e+05,-33917,0
8785,4.5515e+05,-33945,0
8786,4.5514e+05,-33973,0
8787,4.5513e+05,-34002,0
8788,4.5513e+05,-34030,0
8789,4.5512e+05,-34058,0
8790,4.5511e+05,-34086,0
8791,4.551e+05,-34114,0
8792,4.5509e+05,-34142,0
8793,4.5508e+05,-34171,0
8794,4.5507e+05,-34199,0
8795,4.5507e+05,-34227,0
8796,4.5506e+05,-34255,0
8797,4.5505e+05,-34283,0
8798,4.5504e+05,-34311,0
8799,4.5503e+05,-34339,0
8800,4.5502e+05,-34367,0
8801,4.5501e+05,-34396,0
8802,4.55e+05,-34424,0
8803,4.55e+05,-34452,0
8804,4.5499e+05,-34480,0
8805,4.5498e+05,-34508,0
8806,4.5497e+05,-34536,0
8807,4.5496e+05,-34564,0
8808,4.5495e+05,-34592,0
8809,4.5494e+05,-34620,0
8810,4.5494e+05,-34649,0
8811,4.5493e+05,-34677,0
8812,4.5492e+05,-34705,0
8813,4.5491e+05,-34733,0
8814,4.549e+05,-34761,0
8815,4.5489e+05,-34789,0
8816,4.5488e+05,-34817,0
8817,4.5487e+05,-34845,0
8818,4.5487e+05,-34873,0
8819,4.5486e+05,-34901,0
8820,4.5485e+05,-34929,0
8821,4.5484e+05,-34957,0
8822,4.5483e+05,-34985,0
8823,4.5482e+05,-35013,0
8824,4.5481e+05,-35041,0
8825,4.548e+05,-35069,0
8826,4.548e+05,-35097,0
8827,4.5479e+05,-35126,0
8828,4.5478e+05,-35154,0
8829,4.5477e+05,-35182,0
8830,4.5476e+05,-35210,0
8831,4.5475e+05,-35238,0
8832,4.5474e+05,-35266,0
8833,4.5473e+05,-35294,0
8834,4.5472e+05,-35322,0
8835,4.5472e+05,-35350,0
8836,4.5471e+05,-35378,0
8837,4.547e+05,-35406,0
8838,4.5469e+05,-35434,0
8839,4.5468e+05,-35462,0
8840,4.5467e+05,-35490,0
8841,4.5466e+05,-35518,0
8842,4.5465e+05,-35545,0
8843,4.5464e+05,-35573,0
8844,4.5464e+05,-35601,0
8845,4.5463e+05,-35629,0
8846,4.5462e+05,-35657,0
8847,4.5461e+05,-35685,0
8848,4.546e+05,-35713,0
8849,4.5459e+05,-35741,0
8850,4.5458e+05,-35769,0
8851,4.5457e+05,-35797,0
8852,4.5456e+05,-35825,0
8853,4.5455e+05,-35853,0
8854,4.5455e+05,-35881,0
8855,4.5454e+05,-35909,0
8856,4.5453e+05,-35937,0
8857,4.5452e+05,-35965,0
8858,4.5451e+05,-35993,0
8859,4.545e+05,-36020,0
8860,4.5449e+05,-36048,0
8861,4.5448e+05,-36076,0
8862,4.5447e+05,-36104,0
8863,4.5446e+05,-36132,0
8864,4.5445e+05,-36160,0
8865,4.5445e+05,-36188,0
8866,4.5444e+05,-36216,0
8867,4.5443e+05,-36244,0
8868,4.5442e+05,-36271,0
8869,4.5441e+05,-36299,0
8870,4.544e+05,-36327,0
8871,4.5439e+05,-36355,0
8872,4.5438e+05,-36383,0
8873,4.5437e+05,-36411,0
8874,4.5436e+05,-36439,0
8875,4.5435e+05,-36467,0
8876,4.5435e+05,-36494,0
8877,4.5434e+05,-36522,0
8878,4.5433e+05,-36550,0
8879,4.5432e+05,-36578,0
8880,4.5431e+05,-36606,0
8881,4.543e+05,-36634,0
8882,4.5429e+05,-36661,0
8883,4.5428e+05,-36689,0
8884,4.5427e+05,-36717,0
8885,4.5426e+05,-36745,0
8886,4.5425e+05,-36773,0
8887,4.5424e+05,-36800,0
8888,4.5423e+05,-36828,0
8889,4.5423e+05,-36856,0
8890,4.5422e+05,-36884,0
8891,4.5421e+05,-36912,0
8892,4.542e+05,-36939,0
8893,4.5419e+05,-36967,0
8894,4.5418e+05,-36995,0
8895,4.5417e+05,-37023,0
8896,4.5416e+05,-37050,0
8897,4.5415e+05,-37078,0
8898,4.5414e+05,-37106,0
8899,4.5413e+05,-37134,0
8900,4.5412e+05,-37162,0
8901,4.5411e+05,-37189,0
8902,4.541e+05,-37217,0
8903,4.541e+05,-37245,0
8904,4.5409e+05,-37273,0
8905,4.5408e+05,-37300,0
8906,4.5407e+05,-37328,0
8907,4.5406e+05,-37356,0
8908,4.5405e+05,-37383,0
8909,4.5404e+05,-37411,0
8910,4.5403e+05,-37439,0
8911,4.5402e+05,-37467,0
8912,4.5401e+05,-37494,0
8913,4.54e+05,-37522,0
8914,4.5399e+05,-37550,0
8915,4.5398e+05,-37577,0
8916,4.5397e+05,-37605,0
8917,4.5396e+05,-37633,0
8918,4.5395e+05,-37660,0
8919,4.5394e+05,-37688,0
8920,4.5394e+05,-37716,0
8921,4.5393e+05,-37744,0
8922,4.5392e+05,-37771,0
8923,4.5391e+05,-37799,0
8924,4.539e+05,-37827,0
8925,4.5389e+05,-37854,0
8926,4.5388e+05,-37882,0
8927,4.5387e+05,-37909,0
8928,4.5386e+05,-37937,0
8929,4.5385e+05,-37965,0
8930,4.5384e+05,-37992,0
8931,4.5383e+05,-38020,0
8932,4.5382e+05,-38048,0
8933,4.5381e+05,-38075,0
8934,4.538e+05,-38103,0
8935,4.5379e+05,-38131,0
8936,4.5378e+05,-38158,0
8937,4.5377e+05,-38186,0
8938,4.5376e+05,-38213,0
8939,4.5375e+05,-38241,0
8940,4.5375e+05,-38269,0
8941,4.5374e+05,-38296,0
8942,4.5373e+05,-38324,0
8943,4.5372e+05,-38351,0
8944,4.5371e+05,-38379,0
8945,4.537e+05,-38407,0
8946,4.5369e+05,-38434,0
8947,4.5368e+05,-38462,0
8948,4.5367e+05,-38489,0
8949,4.5366e+05,-38517,0
8950,4.5365e+05,-38544,0
8951,4.5364e+05,-38572,0
8952,4.5363e+05,-38599,0
8953,4.5362e+05,-38627,0
8954,4.5361e+05,-38655,0
8955,4.536e+05,-38682,0
8956,4.5359e+05,-38710,0
8957,4.5358e+05,-38737,0
8958,4.5357e+05,-38765,0
8959,4.5356e+05,-38792,0
8960,4.5355e+05,-38820,0
8961,4.5354e+05,-38847,0
8962,4.5353e+05,-38875,0
8963,4.5352e+05,-38902,0
8964,4.5351e+05,-38930,0
8965,4.535e+05,-38957,0
8966,4.5349e+05,-38985,0
8967,4.5348e+05,-39012,0
8968,4.5347e+05,-39040,0
8969,4.5346e+05,-39067,0
8970,4.5345e+05,-39095,0
8971,4.5344e+05,-39122,0
8972,4.5343e+05,-39150,0
8973,4.5342e+05,-39177,0
8974,4.5342e+05,-39205,0
8975,4.5341e+05,-39232,0
8976,4.534e+05,-39260,0
8977,4.5339e+05,-39287,0
8978,4.5338e+05,-39314,0
8979,4.5337e+05,-39342,0
8980,4.5336e+05,-39369,0
8981,4.5335e+05,-39397,0
8982,4.5334e+05,-39424,0
8983,4.5333e+05,-39452,0
8984,4.5332e+05,-39479,0
8985,4.5331e+05,-39507,0
8986,4.533e+05,-39534,0
8987,4.5329e+05,-39561,0
8988,4.5328e+05,-39589,0
8989,4.5327e+05,-39616,0
8990,4.5326e+05,-39644,0
8991,4.5325e+05,-39671,0
8992,4.5324e+05,-39698,0
8993,4.5323e+05,-39726,0
8994,4.5322e+05,-39753,0
8995,4.5321e+05,-39780,0
8996,4.532e+05,-39808,0
8997,4.5319e+05,-39835,0
8998,4.5318e+05,-39863,0
8999,4.5317e+05,-39890,0
9000,4.5316e+05,-39917,0
9001,4.5315e+05,-39945,0
9002,4.5314e+05,-39972,0
9003,4.5313e+05,-39999,0
9004,4.5312e+05,-40027,0
9005,4.5311e+05,-40054,0
9006,4.531e+05,-40081,0
9007,4.5309e+05,-40109,0
9008,4.5308e+05,-40136,0
9009,4.5307e+05,-40163,0
9010,4.5306e+05,-40191,0
9011,4.5305e+05,-40218,0
9012,4.5304e+05,-40245,0
9013,4.5303e+05,-40273,0
9014,4.5302e+05,-40300,0
9015,4.5301e+05,-40327,0
9016,4.53e+05,-40355,0
9017,4.5299e+05,-40382,0
9018,4.5298e+05,-40409,0
9019,4.5297e+05,-40436,0
9020,4.5296e+05,-40464,0
9021,4.5295e+05,-40491,0
9022,4.5294e+05,-40518,0
9023,4.5293e+05,-40545,0
9024,4.5292e+05,-40573,0
9025,4.5291e+05,-40600,0
9026,4.529e+05,-40627,0
9027,4.5289e+05,-40655,0
9028,4.5288e+05,-40682,0
9029,4.5287e+05,-40709,0
9030,4.5286e+05,-40736,0
9031,4.5285e+05,-40763,0
9032,4.5283e+05,-40791,0
9033,4.5282e+05,-40818,0
9034,4.5281e+05,-40845,0
9035,4.528e+05,-40872,0
9036,4.5279e+05,-40900,0
9037,4.5278e+05,-40927,0
9038,4.5277e+05,-40954,0
9039,4.5276e+05,-40981,0
9040,4.5275e+05,-41008,0
9041,4.5274e+05,-41036,0
9042,4.5273e+05,-41063,0
9043,4.5272e+05,-41090,0
9044,4.5271e+05,-41117,0
9045,4.527e+05,-41144,0
9046,4.5269e+05,-41171,0
9047,4.5268e+05,-41199,0
9048,4.5267e+05,-41226,0
9049,4.5266e+05,-41253,0
9050,4.5265e+05,-41280,0
9051,4.5264e+05,-41307,0
9052,4.5263e+05,-41334,0
9053,4.5262e+05,-41362,0
9054,4.5261e+05,-41389,0
9055,4.526e+05,-41416,0
9056,4.5259e+05,-41443,0
9057,4.5258e+05,-41470,0
9058,4.5257e+05,-41497,0
9059,4.5256e+05,-41524,0
9060,4.5255e+05,-41551,0
9061,4.5254e+05,-41579,0
9062,4.5253e+05,-41606,0
9063,4.5252e+05,-41633,0
9064,4.5251e+05,-41660,0
9065,4.525e+05,-41687,0
9066,4.5248e+05,-41714,0
9067,4.5247e+05,-41741,0
9068,4.5246e+05,-41768,0
9069,4.5245e+05,-41795,0
9070,4.5244e+05,-41822,0
9071,4.5243e+05,-41849,0
9072,4.5242e+05,-41876,0
9073,4.5241e+05,-41903,0
9074,4.524e+05,-41931,0
9075,4.5239e+05,-41958,0
9076,4.5238e+05,-41985,0
9077,4.5237e+05,-42012,0
9078,4.5236e+05,-42039,0
9079,4.5235e+05,-42066,0
9080,4.5234e+05,-42093,0
9081,4.5233e+05,-42120,0
9082,4.5232e+05,-42147,0
9083,4.5231e+05,-42174,0
9084,4.523e+05,-42201,0
9085,4.5229e+05,-42228,0
9086,4.5228e+05,-42255,0
9087,4.5226e+05,-42282,0
9088,4.5225e+05,-42309,0
9089,4.5224e+05,-42336,0
9090,4.5223e+05,-42363,0
9091,4.5222e+05,-42390,0
9092,4.5221e+05,-42417,0
9093,4.522e+05,-42444,0
9094,4.5219e+05,-42471,0
9095,4.5218e+05,-42498,0
9096,4.5217e+05,-42525,0
9097,4.5216e+05,-42552,0
9098,4.5215e+05,-42578,0
9099,4.5214e+05,-42605,0
9100,4.5213e+05,-42632,0
9101,4.5212e+05,-42659,0
9102,4.5211e+05,-42686,0
9103,4.521e+05,-42713,0
9104,4.5208e+05,-42740,0
9105,4.5207e+05,-42767,0
9106,4.5206e+05,-42794,0
9107,4.5205e+05,-42821,0
9108,4.5204e+05,-42848,0
9109,4.5203e+05,-42875,0
9110,4.5202e+05,-42902,0
9111,4.5201e+05,-42928,0
9112,4.52e+05,-42955,0
9113,4.5199e+05,-42982,0
9114,4.5198e+05,-43009,0
9115,4.5197e+05,-43036,0
9116,4.5196e+05,-43063,0
9117,4.5195e+05,-43090,0
9118,4.5193e+05,-43117,0
9119,4.5192e+05,-43143,0
9120,4.5191e+05,-43170,0
9121,4.519e+05,-43197,0
9122,4.5189e+05,-43224,0
9123,4.5188e+05,-43251,0
9124,4.5187e+05,-43278,0
9125,4.5186e+05,-43304,0
9126,4.5185e+05,-43331,0
9127,4.5184e+05,-43358,0
9128,4.5183e+05,-43385,0
9129,4.5182e+05,-43412,0
9130,4.5181e+05,-43439,0
9131,4.5179e+05,-43465,0
9132,4.5178e+05,-43492,0
9133,4.5177e+05,-43519,0
9134,4.5176e+05,-43546,0
9135,4.5175e+05,-43573,0
9136,4.5174e+05,-43599,0
9137,4.5173e+05,-43626,0
9138,4.5172e+05,-43653,0
9139,4.5171e+05,-43680,0
9140,4.517e+05,-43706,0
9141,4.5169e+05,-43733,0
9142,4.5168e+05,-43760,0
9143,4.5166e+05,-43787,0
9144,4.5165e+05,-43813,0
9145,4.5164e+05,-43840,0
9146,4.5163e+05,-43867,0
9147,4.5162e+05,-43894,0
9148,4.5161e+05,-43920,0
9149,4.516e+05,-43947,0
9150,4.5159e+05,-43974,0
9151,4.5158e+05,-44001,0
9152,4.5157e+05,-44027,0
9153,4.5155e+05,-44054,0
9154,4.5154e+05,-44081,0
9155,4.5153e+05,-44107,0
9156,4.5152e+05,-44134,0
9157,4.5151e+05,-44161,0
9158,4.515e+05,-44187,0
9159,4.5149e+05,-44214,0
9160,4.5148e+05,-44241,0
9161,4.5147e+05,-44267,0
9162,4.5146e+05,-44294,0
9163,4.5144e+05,-44321,0
9164,4.5143e+05,-44347,0
9165,4.5142e+05,-44374,0
9166,4.5141e+05,-44401,0
9167,4.514e+05,-44427,0
9168,4.5139e+05,-44454,0
9169,4.5138e+05,-44481,0
9170,4.5137e+05,-44507,0
9171,4.5136e+05,-44534,0
9172,4.5135e+05,-44561,0
9173,4.5133e+05,-44587,0
9174,4.5132e+05,-44614,0
9175,4.5131e+05,-44640,0
9176,4.513e+05,-44667,0
9177,4.5129e+05,-44694,0
9178,4.5128e+05,-44720,0
9179,4.5127e+05,-44747,0
9180,4.5126e+05,-44773,0
9181,4.5125e+05,-44800,0
9182,4.5123e+05,-44827,0
9183,4.5122e+05,-44853,0
9184,4.5121e+05,-44880,0
9185,4.512e+05,-44906,0
9186,4.5119e+05,-44933,0
9187,4.5118e+05,-44959,0
9188,4.5117e+05,-44986,0
9189,4.5116e+05,-45012,0
9190,4.5115e+05,-45039,0
9191,4.5113e+05,-45066,0
9192,4.5112e+05,-45092,0
9193,4.5111e+05,-45119,0
9194,4.511e+05,-45145,0
9195,4.5109e+05,-45172,0
9196,4.5108e+05,-45198,0
9197,4.5107e+05,-45225,0
9198,4.5106e+05,-45251,0
9199,4.5104e+05,-45278,0
9200,4.5103e+05,-45304,0
9201,4.5102e+05,-45331,0
9202,4.5101e+05,-45357,0
9203,4.51e+05,-45384,0
9204,4.5099e+05,-45410,0
9205,4.5098e+05,-45437,0
9206,4.5097e+05,-45463,0
9207,4.5095e+05,-45490,0
9208,4.5094e+05,-45516,0
9209,4.5093e+05,-45542,0
9210,4.5092e+05,-45569,0
9211,4.5091e+05,-45595,0
9212,4.509e+05,-45622,0
9213,4.5089e+05,-45648,0
9214,4.5087e+05,-45675,0
9215,4.5086e+05,-45701,0
9216,4.5085e+05,-45728,0
9217,4.5084e+05,-45754,0
9218,4.5083e+05,-45780,0
9219,4.5082e+05,-45807,0
9220,4.5081e+05,-45833,0
9221,4.508e+05,-45860,0
9222,4.5078e+05,-45886,0
9223,4.5077e+05,-45912,0
9224,4.5076e+05,-45939,0
9225,4.5075e+05,-45965,0
9226,4.5074e+05,-45992,0
9227,4.5073e+05,-46018,0
9228,4.5072e+05,-46044,0
9229,4.507e+05,-46071,0
9230,4.5069e+05,-46097,0
9231,4.5068e+05,-46123,0
9232,4.5067e+05,-46150,0
9233,4.5066e+05,-46176,0
9234,4.5065e+05,-46202,0
9235,4.5064e+05,-46229,0
9236,4.5062e+05,-46255,0
9237,4.5061e+05,-46281,0
9238,4.506e+05,-46308,0
9239,4.5059e+05,-46334,0
9240,4.5058e+05,-46360,0
9241,4.5057e+05,-46387,0
9242,4.5055e+05,-46413,0
9243,4.5054e+05,-46439,0
9244,4.5053e+05,-46466,0
9245,4.5052e+05,-46492,0
9246,4.5051e+05,-46518,0
9247,4.505e+05,-46544,0
9248,4.5049e+05,-46571,0
9249,4.5047e+05,-46597,0
9250,4.5046e+05,-46623,0
9251,4.5045e+05,-46649,0
9252,4.5044e+05,-46676,0
9253,4.5043e+05,-46702,0
9254,4.5042e+05,-46728,0
9255,4.504e+05,-46754,0
9256,4.5039e+05,-46781,0
9257,4.5038e+05,-46807,0
9258,4.5037e+05,-46833,0
9259,4.5036e+05,-46859,0
9260,4.5035e+05,-46886,0
9261,4.5033e+05,-46912,0
9262,4.5032e+05,-46938,0
9263,4.5031e+05,-46964,0
9264,4.503e+05,-46990,0
9265,4.5029e+05,-47017,0
9266,4.5028e+05,-47043,0
9267,4.5027e+05,-47069,0
9268,4.5025e+05,-47095,0
9269,4.5024e+05,-47121,0
9270,4.5023e+05,-47148,0
9271,4.5022e+05,-47174,0
9272,4.5021e+05,-47200,0
9273,4.5019e+05,-47226,0
9274,4.5018e+05,-47252,0
9275,4.5017e+05,-47278,0
9276,4.5016e+05,-47304,0
9277,4.5015e+05,-47331,0
9278,4.5014e+05,-47357,0
9279,4.5012e+05,-47383,0
9280,4.5011e+05,-47409,0
9281,4.501e+05,-47435,0
9282,4.5009e+05,-47461,0
9283,4.5008e+05,-47487,0
9284,4.5007e+05,-47513,0
9285,4.5005e+05,-47540,0
9286,4.5004e+05,-47566,0
9287,4.5003e+05,-47592,0
9288,4.5002e+05,-47618,0
9289,4.5001e+05,-47644,0
9290,4.5e+05,-47670,0
9291,4.4998e+05,-47696,0
9292,4.4997e+05,-47722,0
9293,4.4996e+05,-47748,0
9294,4.4995e+05,-47774,0
9295,4.4994e+05,-47800,0
9296,4.4992e+05,-47826,0
9297,4.4991e+05,-47852,0
9298,4.499e+05,-47878,0
9299,4.4989e+05,-47904,0
9300,4.4988e+05,-47931,0
9301,4.4987e+05,-47957,0
9302,4.4985e+05,-47983,0
9303,4.4984e+05,-48009,0
9304,4.4983e+05,-48035,0
9305,4.4982e+05,-48061,0
9306,4.4981e+05,-48087,0
9307,4.4979e+05,-48113,0
9308,4.4978e+05,-48139,0
9309,4.4977e+05,-48165,0
9310,4.4976e+05,-48191,0
9311,4.4975e+05,-48217,0
9312,4.4973e+05,-48243,0
9313,4.4972e+05,-48268,0
9314,4.4971e+05,-48294,0
9315,4.497e+05,-48320,0
9316,4.4969e+05,-48346,0
9317,4.4967e+05,-48372,0
9318,4.4966e+05,-48398,0
9319,4.4965e+05,-48424,0
9320,4.4964e+05,-48450,0
9321,4.4963e+05,-48476,0
9322,4.4961e+05,-48502,0
9323,4.496e+05,-48528,0
9324,4.4959e+05,-48554,0
9325,4.4958e+05,-48580,0
9326,4.4957e+05,-48606,0
9327,4.4955e+05,-48632,0
9328,4.4954e+05,-48657,0
9329,4.4953e+05,-48683,0
9330,4.4952e+05,-48709,0
9331,4.4951e+05,-48735,0
9332,4.4949e+05,-48761,0
9333,4.4948e+05,-48787,0
9334,4.4947e+05,-48813,0
9335,4.4946e+05,-48839,0
9336,4.4945e+05,-48864,0
9337,4.4943e+05,-48890,0
9338,4.4942e+05,-48916,0
9339,4.4941e+05,-48942,0
9340,4.494e+05,-48968,0
9341,4.4939e+05,-48994,0
9342,4.4937e+05,-49019,0
9343,4.4936e+05,-49045,0
9344,4.4935e+05,-49071,0
9345,4.4934e+05,-49097,0
9346,4.4932e+05,-49123,0
9347,4.4931e+05,-49149,0
9348,4.493e+05,-49174,0
9349,4.4929e+05,-49200,0
9350,4.4928e+05,-49226,0
9351,4.4926e+05,-49252,0
9352,4.4925e+05,-49277,0
9353,4.4924e+05,-49303,0
9354,4.4923e+05,-49329,0
9355,4.4922e+05,-49355,0
9356,4.492e+05,-49381,0
9357,4.4919e+05,-49406,0
9358,4.4918e+05,-49432,0
9359,4.4917e+05,-49458,0
9360,4.4915e+05,-49484,0
9361,4.4914e+05,-49509,0
9362,4.4913e+05,-49535,0
9363,4.4912e+05,-49561,0
9364,4.4911e+05,-49586,0
9365,4.4909e+05,-49612,0
9366,4.4908e+05,-49638,0
9367,4.4907e+05,-49664,0
9368,4.4906e+05,-49689,0
9369,4.4904e+05,-49715,0
9370,4.4903e+05,-49741,0
9371,4.4902e+05,-49766,0
9372,4.4901e+05,-49792,0
9373,4.49e+05,-49818,0
9374,4.4898e+05,-49843,0
9375,4.4897e+05,-49869,0
9376,4.4896e+05,-49895,0
9377,4.4895e+05,-49920,0
9378,4.4893e+05,-49946,0
9379,4.4892e+05,-49972,0
9380,4.4891e+05,-49997,0
9381,4.489e+05,-50023,0
9382,4.4888e+05,-50049,0
9383,4.4887e+05,-50074,0
9384,4.4886e+05,-50100,0
9385,4.4885e+05,-50125,0
9386,4.4883e+05,-50151,0
9387,4.4882e+05,-50177,0
9388,4.4881e+05,-50202,0
9389,4.488e+05,-50228,0
9390,4.4879e+05,-50253,0
9391,4.4877e+05,-50279,0
9392,4.4876e+05,-50305,0
9393,4.4875e+05,-50330,0
9394,4.4874e+05,-50356,0
9395,4.4872e+05,-50381,0
9396,4.4871e+05,-50407,0
9397,4.487e+05,-50432,0
9398,4.4869e+05,-50458,0
9399,4.4867e+05,-50484,0
9400,4.4866e+05,-50509,0
9401,4.4865e+05,-50535,0
9402,4.4864e+05,-50560,0
9403,4.4862e+05,-50586,0
9404,4.4861e+05,-50611,0
9405,4.486e+05,-50637,0
9406,4.4859e+05,-50662,0
9407,4.4857e+05,-50688,0
9408,4.4856e+05,-50713,0
9409,4.4855e+05,-50739,0
9410,4.4854e+05,-50764,0
9411,4.4852e+05,-50790,0
9412,4.4851e+05,-50815,0
9413,4.485e+05,-50841,0
9414,4.4849e+05,-50866,0
9415,4.4847e+05,-50892,0
9416,4.4846e+05,-50917,0
9417,4.4845e+05,-50943,0
9418,4.4844e+05,-50968,0
9419,4.4842e+05,-50994,0
9420,4.4841e+05,-51019,0
9421,4.484e+05,-51044,0
9422,4.4839e+05,-51070,0
9423,4.4837e+05,-51095,0
9424,4.4836e+05,-51121,0
9425,4.4835e+05,-51146,0
9426,4.4834e+05,-51172,0
9427,4.4832e+05,-51197,0
9428,4.4831e+05,-51222,0
9429,4.483e+05,-51248,0
9430,4.4828e+05,-51273,0
9431,4.4827e+05,-51298,0
9432,4.4826e+05,-51324,0
9433,4.4825e+05,-51349,0
9434,4.4823e+05,-51375,0
9435,4.4822e+05,-51400,0
9436,4.4821e+05,-51425,0
9437,4.482e+05,-51451,0
9438,4.4818e+05,-51476,0
9439,4.4817e+05,-51501,0
9440,4.4816e+05,-51527,0
9441,4.4815e+05,-51552,0
9442,4.4813e+05,-51577,0
9443,4.4812e+05,-51603,0
9444,4.4811e+05,-51628,0
9445,4.4809e+05,-51653,0
9446,4.4808e+05,-51679,0
9447,4.4807e+05,-51704,0
9448,4.4806e+05,-51729,0
9449,4.4804e+05,-51755,0
9450,4.4803e+05,-51780,0
9451,4.4802e+05,-51805,0
9452,4.4801e+05,-51830,0
9453,4.4799e+05,-51856,0
9454,4.4798e+05,-51881,0
9455,4.4797e+05,-51906,0
9456,4.4795e+05,-51932,0
9457,4.4794e+05,-51957,0
9458,4.4793e+05,-51982,0
9459,4.4792e+05,-52007,0
9460,4.479e+05,-52033,0
9461,4.4789e+05,-52058,0
9462,4.4788e+05,-52083,0
9463,4.4787e+05,-52108,0
9464,4.4785e+05,-52133,0
9465,4.4784e+05,-52159,0
9466,4.4783e+05,-52184,0
9467,4.4781e+05,-52209,0
9468,4.478e+05,-52234,0
9469,4.4779e+05,-52259,0
9470,4.4778e+05,-52285,0
9471,4.4776e+05,-52310,0
9472,4.4775e+05,-52335,0
9473,4.4774e+05,-52360,0
9474,4.4772e+05,-52385,0
9475,4.4771e+05,-52411,0
9476,4.477e+05,-52436,0
9477,4.4769e+05,-52461,0
9478,4.4767e+05,-52486,0
9479,4.4766e+05,-52511,0
9480,4.4765e+05,-52536,0
9481,4.4763e+05,-52561,0
9482,4.4762e+05,-52587,0
9483,4.4761e+05,-52612,0
9484,4.4759e+05,-52637,0
9485,4.4758e+05,-52662,0
9486,4.4757e+05,-52687,0
9487,4.4756e+05,-52712,0
9488,4.4754e+05,-52737,0
9489,4.4753e+05,-52762,0
9490,4.4752e+05,-52787,0
9491,4.475e+05,-52812,0
9492,4.4749e+05,-52838,0
9493,4.4748e+05,-52863,0
9494,4.4747e+05,-52888,0
9495,4.4745e+05,-52913,0
9496,4.4744e+05,-52938,0
9497,4.4743e+05,-52963,0
9498,4.4741e+05,-52988,0
9499,4.474e+05,-53013,0
9500,4.4739e+05,-53038,0
9501,4.4737e+05,-53063,0
9502,4.4736e+05,-53088,0
9503,4.4735e+05,-53113,0
9504,4.4733e+05,-53138,0
9505,4.4732e+05,-53163,0
9506,4.4731e+05,-53188,0
9507,4.473e+05,-53213,0
9508,4.4728e+05,-53238,0
9509,4.4727e+05,-53263,0
9510,4.4726e+05,-53288,0
9511,4.4724e+05,-53313,0
9512,4.4723e+05,-53338,0
9513,4.4722e+05,-53363,0
9514,4.472e+05,-53388,0
9515,4.4719e+05,-53413,0
9516,4.4718e+05,-53438,0
9517,4.4716e+05,-53463,0
9518,4.4715e+05,-53488,0
9519,4.4714e+05,-53513,0
9520,4.4713e+05,-53538,0
9521,4.4711e+05,-53562,0
9522,4.471e+05,-53587,0
9523,4.4709e+05,-53612,0
9524,4.4707e+05,-53637,0
9525,4.4706e+05,-53662,0
9526,4.4705e+05,-53687,0
9527,4.4703e+05,-53712,0
9528,4.4702e+05,-53737,0
9529,4.4701e+05,-53762,0
9530,4.4699e+05,-53787,0
9531,4.4698e+05,-53811,0
9532,4.4697e+05,-53836,0
9533,4.4695e+05,-53861,0
9534,4.4694e+05,-53886,0
9535,4.4693e+05,-53911,0
9536,4.4691e+05,-53936,0
9537,4.469e+05,-53961,0
9538,4.4689e+05,-53985,0
9539,4.4687e+05,-54010,0
9540,4.4686e+05,-54035,0
9541,4.4685e+05,-54060,0
9542,4.4684e+05,-54085,0
9543,4.4682e+05,-54109,0
9544,4.4681e+05,-54134,0
9545,4.468e+05,-54159,0
9546,4.4678e+05,-54184,0
9547,4.4677e+05,-54209,0
9548,4.4676e+05,-54233,0
9549,4.4674e+05,-54258,0
9550,4.4673e+05,-54283,0
9551,4.4672e+05,-54308,0
9552,4.467e+05,-54333,0
9553,4.4669e+05,-54357,0
9554,4.4668e+05,-54382,0
9555,4.4666e+05,-54407,0
9556,4.4665e+05,-54432,0
9557,4.4664e+05,-54456,0
9558,4.4662e+05,-54481,0
9559,4.4661e+05,-54506,0
9560,4.466e+05,-54530,0
9561,4.4658e+05,-54555,0
9562,4.4657e+05,-54580,0
9563,4.4656e+05,-54605,0
9564,4.4654e+05,-54629,0
9565,4.4653e+05,-54654,0
9566,4.4652e+05,-54679,0
9567,4.465e+05,-54703,0
9568,4.4649e+05,-54728,0
9569,4.4648e+05,-54753,0
9570,4.4646e+05,-54777,0
9571,4.4645e+05,-54802,0
9572,4.4643e+05,-54827,0
9573,4.4642e+05,-54851,0
9574,4.4641e+05,-54876,0
9575,4.4639e+05,-54901,0
9576,4.4638e+05,-54925,0
9577,4.4637e+05,-54950,0
9578,4.4635e+05,-54974,0
9579,4.4634e+05,-54999,0
9580,4.4633e+05,-55024,0
9581,4.4631e+05,-55048,0
9582,4.463e+05,-55073,0
9583,4.4629e+05,-55098,0
9584,4.4627e+05,-55122,0
9585,4.4626e+05,-55147,0
9586,4.4625e+05,-55171,0
9587,4.4623e+05,-55196,0
9588,4.4622e+05,-55220,0
9589,4.4621e+05,-55245,0
9590,4.4619e+05,-55270,0
9591,4.4618e+05,-55294,0
9592,4.4617e+05,-55319,0
9593,4.4615e+05,-55343,0
9594,4.4614e+05,-55368,0
9595,4.4612e+05,-55392,0
9596,4.4611e+05,-55417,0
9597,4.461e+05,-55441,0
9598,4.4608e+05,-55466,0
9599,4.4607e+05,-55490,0
9600,4.4606e+05,-55515,0
9601,4.4604e+05,-55539,0
9602,4.4603e+05,-55564,0
9603,4.4602e+05,-55588,0
9604,4.46e+05,-55613,0
9605,4.4599e+05,-55637,0
9606,4.4598e+05,-55662,0
9607,4.4596e+05,-55686,0
9608,4.4595e+05,-55711,0
9609,4.4593e+05,-55735,0
9610,4.4592e+05,-55760,0
9611,4.4591e+05,-55784,0
9612,4.4589e+05,-55808,0
9613,4.4588e+05,-55833,0
9614,4.4587e+05,-55857,0
9615,4.4585e+05,-55882,0
9616,4.4584e+05,-55906,0
9617,4.4583e+05,-55931,0
9618,4.4581e+05,-55955,0
9619,4.458e+05,-55979,0
9620,4.4578e+05,-56004,0
9621,4.4577e+05,-56028,0
9622,4.4576e+05,-56053,0
9623,4.4574e+05,-56077,0
9624,4.4573e+05,-56101,0
9625,4.4572e+05,-56126,0
9626,4.457e+05,-56150,0
9627,4.4569e+05,-56174,0
9628,4.4567e+05,-56199,0
9629,4.4566e+05,-56223,0
9630,4.4565e+05,-56248,0
9631,4.4563e+05,-56272,0
9632,4.4562e+05,-56296,0
9633,4.4561e+05,-56321,0
9634,4.4559e+05,-56345,0
9635,4.4558e+05,-56369,0
9636,4.4556e+05,-56393,0
9637,4.4555e+05,-56418,0
9638,4.4554e+05,-56442,0
9639,4.4552e+05,-56466,0
9640,4.4551e+05,-56491,0
9641,4.455e+05,-56515,0
9642,4.4548e+05,-56539,0
9643,4.4547e+05,-56563,0
9644,4.4545e+05,-56588,0
9645,4.4544e+05,-56612,0
9646,4.4543e+05,-56636,0
9647,4.4541e+05,-56661,0
9648,4.454e+05,-56685,0
9649,4.4539e+05,-56709,0
9650,4.4537e+05,-56733,0
9651,4.4536e+05,-56757,0
9652,4.4534e+05,-56782,0
9653,4.4533e+05,-56806,0
9654,4.4532e+05,-56830,0
9655,4.453e+05,-56854,0
9656,4.4529e+05,-56879,0
9657,4.4527e+05,-56903,0
9658,4.4526e+05,-56927,0
9659,4.4525e+05,-56951,0
9660,4.4523e+05,-56975,0
9661,4.4522e+05,-56999,0
9662,4.452e+05,-57024,0
9663,4.4519e+05,-57048,0
9664,4.4518e+05,-57072,0
9665,4.4516e+05,-57096,0
9666,4.4515e+05,-57120,0
9667,4.4514e+05,-57144,0
9668,4.4512e+05,-57169,0
9669,4.4511e+05,-57193,0
9670,4.4509e+05,-57217,0
9671,4.4508e+05,-57241,0
9672,4.4507e+05,-57265,0
9673,4.4505e+05,-57289,0
9674,4.4504e+05,-57313,0
9675,4.4502e+05,-57337,0
9676,4.4501e+05,-57361,0
9677,4.45e+05,-57386,0
9678,4.4498e+05,-57410,0
9679,4.4497e+05,-57434,0
9680,4.4495e+05,-57458,0
9681,4.4494e+05,-57482,0
9682,4.4493e+05,-57506,0
9683,4.4491e+05,-57530,0
9684,4.449e+05,-57554,0
9685,4.4488e+05,-57578,0
9686,4.4487e+05,-57602,0
9687,4.4486e+05,-57626,0
9688,4.4484e+05,-57650,0
9689,4.4483e+05,-57674,0
9690,4.4481e+05,-57698,0
9691,4.448e+05,-57722,0
9692,4.4479e+05,-57746,0
9693,4.4477e+05,-57770,0
9694,4.4476e+05,-57794,0
9695,4.4474e+05,-57818,0
9696,4.4473e+05,-57842,0
9697,4.4471e+05,-57866,0
9698,4.447e+05,-57890,0
9699,4.4469e+05,-57914,0
9700,4.4467e+05,-57938,0
9701,4.4466e+05,-57962,0
9702,4.4464e+05,-57986,0
9703,4.4463e+05,-58010,0
9704,4.4462e+05,-58034,0
9705,4.446e+05,-58058,0
9706,4.4459e+05,-58082,0
9707,4.4457e+05,-58106,0
9708,4.4456e+05,-58129,0
9709,4.4455e+05,-58153,0
9710,4.4453e+05,-58177,0
9711,4.4452e+05,-58201,0
9712,4.445e+05,-58225,0
9713,4.4449e+05,-58249,0
9714,4.4447e+05,-58273,0
9715,4.4446e+05,-58297,0
9716,4.4445e+05,-58321,0
9717,4.4443e+05,-58344,0
9718,4.4442e+05,-58368,0
9719,4.444e+05,-58392,0
9720,4.4439e+05,-58416,0
9721,4.4437e+05,-58440,0
9722,4.4436e+05,-58464,0
9723,4.4435e+05,-58487,0
9724,4.4433e+05,-58511,0
9725,4.4432e+05,-58535,0
9726,4.443e+05,-58559,0
9727,4.4429e+05,-58583,0
9728,4.4428e+05,-58607,0
9729,4.4426e+05,-58630,0
9730,4.4425e+05,-58654,0
9731,4.4423e+05,-58678,0
9732,4.4422e+05,-58702,0
9733,4.442e+05,-58725,0
9734,4.4419e+05,-58749,0
9735,4.4418e+05,-58773,0
9736,4.4416e+05,-58797,0
9737,4.4415e+05,-58821,0
9738,4.4413e+05,-58844,0
9739,4.4412e+05,-58868,0
9740,4.441e+05,-58892,0
9741,4.4409e+05,-58915,0
9742,4.4408e+05,-58939,0
9743,4.4406e+05,-58963,0
9744,4.4405e+05,-58987,0
9745,4.4403e+05,-59010,0
9746,4.4402e+05,-59034,0
9747,4.44e+05,-59058,0
9748,4.4399e+05,-59081,0
9749,4.4397e+05,-59105,0
9750,4.4396e+05,-59129,0
9751,4.4395e+05,-59152,0
9752,4.4393e+05,-59176,0
9753,4.4392e+05,-59200,0
9754,4.439e+05,-59223,0
9755,4.4389e+05,-59247,0
9756,4.4387e+05,-59271,0
9757,4.4386e+05,-59294,0
9758,4.4385e+05,-59318,0
9759,4.4383e+05,-59342,0
9760,4.4382e+05,-59365,0
9761,4.438e+05,-59389,0
9762,4.4379e+05,-59412,0
9763,4.4377e+05,-59436,0
9764,4.4376e+05,-59460,0
9765,4.4374e+05,-59483,0
9766,4.4373e+05,-59507,0
9767,4.4372e+05,-59530,0
9768,4.437e+05,-59554,0
9769,4.4369e+05,-59578,0
9770,4.4367e+05,-59601,0
9771,4.4366e+05,-59625,0
9772,4.4364e+05,-59648,0
9773,4.4363e+05,-59672,0
9774,4.4361e+05,-59695,0
9775,4.436e+05,-59719,0
9776,4.4358e+05,-59742,0
9777,4.4357e+05,-59766,0
9778,4.4356e+05,-59789,0
9779,4.4354e+05,-59813,0
9780,4.4353e+05,-59836,0
9781,4.4351e+05,-59860,0
9782,4.435e+05,-59883,0
9783,4.4348e+05,-59907,0
9784,4.4347e+05,-59930,0
9785,4.4345e+05,-59954,0
9786,4.4344e+05,-59977,0
9787,4.4343e+05,-60001,0
9788,4.4341e+05,-60024,0
9789,4.434e+05,-60048,0
9790,4.4338e+05,-60071,0
9791,4.4337e+05,-60095,0
9792,4.4335e+05,-60118,0
9793,4.4334e+05,-60142,0
9794,4.4332e+05,-60165,0
9795,4.4331e+05,-60188,0
9796,4.4329e+05,-60212,0
9797,4.4328e+05,-60235,0
9798,4.4326e+05,-60259,0
9799,4.4325e+05,-60282,0
9800,4.4324e+05,-60305,0
9801,4.4322e+05,-60329,0
9802,4.4321e+05,-60352,0
9803,4.4319e+05,-60376,0
9804,4.4318e+05,-60399,0
9805,4.4316e+05,-60422,0
9806,4.4315e+05,-60446,0
9807,4.4313e+05,-60469,0
9808,4.4312e+05,-60492,0
9809,4.431e+05,-60516,0
9810,4.4309e+05,-60539,0
9811,4.4307e+05,-60562,0
9812,4.4306e+05,-60586,0
9813,4.4304e+05,-60609,0
9814,4.4303e+05,-60632,0
9815,4.4302e+05,-60656,0
9816,4.43e+05,-60679,0
9817,4.4299e+05,-60702,0
9818,4.4297e+05,-60726,0
9819,4.4296e+05,-60749,0
9820,4.4294e+05,-60772,0
9821,4.4293e+05,-60795,0
9822,4.4291e+05,-60819,0
9823,4.429e+05,-60842,0
9824,4.4288e+05,-60865,0
9825,4.4287e+05,-60888,0
9826,4.4285e+05,-60912,0
9827,4.4284e+05,-60935,0
9828,4.4282e+05,-60958,0
9829,4.4281e+05,-60981,0
9830,4.4279e+05,-61005,0
9831,4.4278e+05,-61028,0
9832,4.4276e+05,-61051,0
9833,4.4275e+05,-61074,0
9834,4.4274e+05,-61097,0
9835,4.4272e+05,-61121,0
9836,4.4271e+05,-61144,0
9837,4.4269e+05,-61167,0
9838,4.4268e+05,-61190,0
9839,4.4266e+05,-61213,0
9840,4.4265e+05,-61236,0
9841,4.4263e+05,-61260,0
9842,4.4262e+05,-61283,0
9843,4.426e+05,-61306,0
9844,4.4259e+05,-61329,0
9845,4.4257e+05,-61352,0
9846,4.4256e+05,-61375,0
9847,4.4254e+05,-61398,0
9848,4.4253e+05,-61422,0
9849,4.4251e+05,-61445,0
9850,4.425e+05,-61468,0
9851,4.4248e+05,-61491,0
9852,4.4247e+05,-61514,0
9853,4.4245e+05,-61537,0
9854,4.4244e+05,-61560,0
9855,4.4242e+05,-61583,0
9856,4.4241e+05,-61606,0
9857,4.4239e+05,-61629,0
9858,4.4238e+05,-61652,0
9859,4.4236e+05,-61675,0
9860,4.4235e+05,-61699,0
9861,4.4233e+05,-61722,0
9862,4.4232e+05,-61745,0
9863,4.423e+05,-61768,0
9864,4.4229e+05,-61791,0
9865,4.4227e+05,-61814,0
9866,4.4226e+05,-61837,0
9867,4.4224e+05,-61860,0
9868,4.4223e+05,-61883,0
9869,4.4221e+05,-61906,0
9870,4.422e+05,-61929,0
9871,4.4218e+05,-61952,0
9872,4.4217e+05,-61975,0
9873,4.4215e+05,-61998,0
9874,4.4214e+05,-62021,0
9875,4.4212e+05,-62044,0
9876,4.4211e+05,-62066,0
9877,4.4209e+05,-62089,0
9878,4.4208e+05,-62112,0
9879,4.4206e+05,-62135,0
9880,4.4205e+05,-62158,0
9881,4.4203e+05,-62181,0
9882,4.4202e+05,-62204,0
9883,4.42e+05,-62227,0
9884,4.4199e+05,-62250,0
9885,4.4197e+05,-62273,0
9886,4.4196e+05,-62296,0
9887,4.4194e+05,-62319,0
9888,4.4193e+05,-62341,0
9889,4.4191e+05,-62364,0
9890,4.419e+05,-62387,0
9891,4.4188e+05,-62410,0
9892,4.4187e+05,-62433,0
9893,4.4185e+05,-62456,0
9894,4.4184e+05,-62479,0
9895,4.4182e+05,-62501,0
9896,4.4181e+05,-62524,0
9897,4.4179e+05,-62547,0
9898,4.4178e+05,-62570,0
9899,4.4176e+05,-62593,0
9900,4.4175e+05,-62616,0
9901,4.4173e+05,-62638,0
9902,4.4172e+05,-62661,0
9903,4.417e+05,-62684,0
9904,4.4169e+05,-62707,0
9905,4.4167e+05,-62730,0
9906,4.4166e+05,-62752,0
9907,4.4164e+05,-62775,0
9908,4.4163e+05,-62798,0
9909,4.4161e+05,-62821,0
9910,4.416e+05,-62843,0
9911,4.4158e+05,-62866,0
9912,4.4157e+05,-62889,0
9913,4.4155e+05,-62912,0
9914,4.4154e+05,-62934,0
9915,4.4152e+05,-62957,0
9916,4.4151e+05,-62980,0
9917,4.4149e+05,-63002,0
9918,4.4147e+05,-63025,0
9919,4.4146e+05,-63048,0
9920,4.4144e+05,-63071,0
9921,4.4143e+05,-63093,0
9922,4.4141e+05,-63116,0
9923,4.414e+05,-63139,0
9924,4.4138e+05,-63161,0
9925,4.4137e+05,-63184,0
9926,4.4135e+05,-63207,0
9927,4.4134e+05,-63229,0
9928,4.4132e+05,-63252,0
9929,4.4131e+05,-63275,0
9930,4.4129e+05,-63297,0
9931,4.4128e+05,-63320,0
9932,4.4126e+05,-63342,0
9933,4.4125e+05,-63365,0
9934,4.4123e+05,-63388,0
9935,4.4122e+05,-63410,0
9936,4.412e+05,-63433,0
9937,4.4118e+05,-63455,0
9938,4.4117e+05,-63478,0
9939,4.4115e+05,-63501,0
9940,4.4114e+05,-63523,0
9941,4.4112e+05,-63546,0
9942,4.4111e+05,-63568,0
9943,4.4109e+05,-63591,0
9944,4.4108e+05,-63613,0
9945,4.4106e+05,-63636,0
9946,4.4105e+05,-63658,0
9947,4.4103e+05,-63681,0
9948,4.4102e+05,-63704,0
9949,4.41e+05,-63726,0
9950,4.4099e+05,-63749,0
9951,4.4097e+05,-63771,0
9952,4.4095e+05,-63794,0
9953,4.4094e+05,-63816,0
9954,4.4092e+05,-63839,0
9955,4.4091e+05,-63861,0
9956,4.4089e+05,-63884,0
9957,4.4088e+05,-63906,0
9958,4.4086e+05,-63928,0
9959,4.4085e+05,-63951,0
9960,4.4083e+05,-63973,0
9961,4.4082e+05,-63996,0
9962,4.408e+05,-64018,0
9963,4.4079e+05,-64041,0
9964,4.4077e+05,-64063,0
9965,4.4075e+05,-64086,0
9966,4.4074e+05,-64108,0
9967,4.4072e+05,-64130,0
9968,4.4071e+05,-64153,0
9969,4.4069e+05,-64175,0
9970,4.4068e+05,-64198,0
9971,4.4066e+05,-64220,0
9972,4.4065e+05,-64242,0
9973,4.4063e+05,-64265,0
9974,4.4062e+05,-64287,0
9975,4.406e+05,-64309,0
9976,4.4058e+05,-64332,0
9977,4.4057e+05,-64354,0
9978,4.4055e+05,-64377,0
9979,4.4054e+05,-64399,0
9980,4.4052e+05,-64421,0
9981,4.4051e+05,-64444,0
9982,4.4049e+05,-64466,0
9983,4.4048e+05,-64488,0
9984,4.4046e+05,-64511,0
9985,4.4045e+05,-64533,0
9986,4.4043e+05,-64555,0
9987,4.4041e+05,-64577,0
9988,4.404e+05,-64600,0
9989,4.4038e+05,-64622,0
9990,4.4037e+05,-64644,0
9991,4.4035e+05,-64667,0
9992,4.4034e+05,-64689,0
9993,4.4032e+05,-64711,0
9994,4.4031e+05,-64733,0
9995,4.4029e+05,-64756,0
9996,4.4027e+05,-64778,0
9997,4.4026e+05,-64800,0
9998,4.4024e+05,-64822,0
9999,4.4023e+05,-64844,0
10000,4.4021e+05,-64867,0
10001,4.402e+05,-64889,0
10002,4.4018e+05,-64911,0
10003,4.4016e+05,-64933,0
10004,4.4015e+05,-64955,0
10005,4.4013e+05,-64978,0
10006,4.4012e+05,-65000,0
10007,4.401e+05,-65022,0
10008,4.4009e+05,-65044,0
10009,4.4007e+05,-65066,0
10010,4.4006e+05,-65088,0
10011,4.4004e+05,-65111,0
10012,4.4002e+05,-65133,0
10013,4.4001e+05,-65155,0
10014,4.3999e+05,-65177,0
10015,4.3998e+05,-65199,0
10016,4.3996e+05,-65221,0
10017,4.3995e+05,-65243,0
10018,4.3993e+05,-65265,0
10019,4.3991e+05,-65288,0
10020,4.399e+05,-65310,0
10021,4.3988e+05,-65332,0
10022,4.3987e+05,-65354,0
10023,4.3985e+05,-65376,0
10024,4.3984e+05,-65398,0
10025,4.3982e+05,-65420,0
10026,4.398e+05,-65442,0
10027,4.3979e+05,-65464,0
10028,4.3977e+05,-65486,0
10029,4.3976e+05,-65508,0
10030,4.3974e+05,-65530,0
10031,4.3973e+05,-65552,0
10032,4.3971e+05,-65574,0
10033,4.3969e+05,-65596,0
10034,4.3968e+05,-65618,0
10035,4.3966e+05,-65640,0
10036,4.3965e+05,-65662,0
10037,4.3963e+05,-65684,0
10038,4.3962e+05,-65706,0
10039,4.396e+05,-65728,0
10040,4.3958e+05,-65750,0
10041,4.3957e+05,-65772,0
10042,4.3955e+05,-65794,0
10043,4.3954e+05,-65816,0
10044,4.3952e+05,-65838,0
10045,4.3951e+05,-65860,0
10046,4.3949e+05,-65882,0
10047,4.3947e+05,-65904,0
10048,4.3946e+05,-65926,0
10049,4.3944e+05,-65948,0
10050,4.3943e+05,-65970,0
10051,4.3941e+05,-65991,0
10052,4.3939e+05,-66013,0
10053,4.3938e+05,-66035,0
10054,4.3936e+05,-66057,0
10055,4.3935e+05,-66079,0
10056,4.3933e+05,-66101,0
10057,4.3932e+05,-66123,0
10058,4.393e+05,-66145,0
10059,4.3928e+05,-66166,0
10060,4.3927e+05,-66188,0
10061,4.3925e+05,-66210,0
10062,4.3924e+05,-66232,0
10063,4.3922e+05,-66254,0
10064,4.392e+05,-66276,0
10065,4.3919e+05,-66297,0
10066,4.3917e+05,-66319,0
10067,4.3916e+05,-66341,0
10068,4.3914e+05,-66363,0
10069,4.3912e+05,-66385,0
10070,4.3911e+05,-66406,0
10071,4.3909e+05,-66428,0
10072,4.3908e+05,-66450,0
10073,4.3906e+05,-66472,0
10074,4.3904e+05,-66493,0
10075,4.3903e+05,-66515,0
10076,4.3901e+05,-66537,0
10077,4.39e+05,-66559,0
10078,4.3898e+05,-66580,0
10079,4.3897e+05,-66602,0
10080,4.3895e+05,-66624,0
10081,4.3893e+05,-66646,0
10082,4.3892e+05,-66667,0
10083,4.389e+05,-66689,0
10084,4.3889e+05,-66711,0
10085,4.3887e+05,-66732,0
10086,4.3885e+05,-66754,0
10087,4.3884e+05,-66776,0
10088,4.3882e+05,-66797,0
10089,4.3881e+05,-66819,0
10090,4.3879e+05,-66841,0
10091,4.3877e+05,-66862,0
10092,4.3876e+05,-66884,0
10093,4.3874e+05,-66906,0
10094,4.3873e+05,-66927,0
10095,4.3871e+05,-66949,0
10096,4.3869e+05,-66971,0
10097,4.3868e+05,-66992,0
10098,4.3866e+05,-67014,0
10099,4.3865e+05,-67036,0
10100,4.3863e+05,-67057,0
10101,4.3861e+05,-67079,0
10102,4.386e+05,-67100,0
10103,4.3858e+05,-67122,0
10104,4.3856e+05,-67143,0
10105,4.3855e+05,-67165,0
10106,4.3853e+05,-67187,0
10107,4.3852e+05,-67208,0
10108,4.385e+05,-67230,0
10109,4.3848e+05,-67251,0
10110,4.3847e+05,-67273,0
10111,4.3845e+05,-67294,0
10112,4.3844e+05,-67316,0
10113,4.3842e+05,-67337,0
10114,4.384e+05,-67359,0
10115,4.3839e+05,-67380,0
10116,4.3837e+05,-67402,0
10117,4.3836e+05,-67423,0
10118,4.3834e+05,-67445,0
10119,4.3832e+05,-67466,0
10120,4.3831e+05,-67488,0
10121,4.3829e+05,-67509,0
10122,4.3827e+05,-67531,0
10123,4.3826e+05,-67552,0
10124,4.3824e+05,-67574,0
10125,4.3823e+05,-67595,0
10126,4.3821e+05,-67617,0
10127,4.3819e+05,-67638,0
10128,4.3818e+05,-67659,0
10129,4.3816e+05,-67681,0
10130,4.3815e+05,-67702,0
10131,4.3813e+05,-67724,0
10132,4.3811e+05,-67745,0
10133,4.381e+05,-67766,0
10134,4.3808e+05,-67788,0
10135,4.3806e+05,-67809,0
10136,4.3805e+05,-67831,0
10137,4.3803e+05,-67852,0
10138,4.3802e+05,-67873,0
10139,4.38e+05,-67895,0
10140,4.3798e+05,-67916,0
10141,4.3797e+05,-67937,0
10142,4.3795e+05,-67959,0
10143,4.3793e+05,-67980,0
10144,4.3792e+05,-68001,0
10145,4.379e+05,-68023,0
10146,4.3789e+05,-68044,0
10147,4.3787e+05,-68065,0
10148,4.3785e+05,-68087,0
10149,4.3784e+05,-68108,0
10150,4.3782e+05,-68129,0
10151,4.378e+05,-68150,0
10152,4.3779e+05,-68172,0
10153,4.3777e+05,-68193,0
10154,4.3776e+05,-68214,0
10155,4.3774e+05,-68235,0
10156,4.3772e+05,-68257,0
10157,4.3771e+05,-68278,0
10158,4.3769e+05,-68299,0
10159,4.3767e+05,-68320,0
10160,4.3766e+05,-68342,0
10161,4.3764e+05,-68363,0
10162,4.3763e+05,-68384,0
10163,4.3761e+05,-68405,0
10164,4.3759e+05,-68426,0
10165,4.3758e+05,-68448,0
10166,4.3756e+05,-68469,0
10167,4.3754e+05,-68490,0
10168,4.3753e+05,-68511,0
10169,4.3751e+05,-68532,0
10170,4.3749e+05,-68554,0
10171,4.3748e+05,-68575,0
10172,4.3746e+05,-68596,0
10173,4.3745e+05,-68617,0
10174,4.3743e+05,-68638,0
10175,4.3741e+05,-68659,0
10176,4.374e+05,-68680,0
10177,4.3738e+05,-68701,0
10178,4.3736e+05,-68723,0
10179,4.3735e+05,-68744,0
10180,4.3733e+05,-68765,0
10181,4.3731e+05,-68786,0
10182,4.373e+05,-68807,0
10183,4.3728e+05,-68828,0
10184,4.3726e+05,-68849,0
10185,4.3725e+05,-68870,0
10186,4.3723e+05,-68891,0
10187,4.3722e+05,-68912,0
10188,4.372e+05,-68933,0
10189,4.3718e+05,-68954,0
10190,4.3717e+05,-68975,0
10191,4.3715e+05,-68996,0
10192,4.3713e+05,-69017,0
10193,4.3712e+05,-69039,0
10194,4.371e+05,-69060,0
10195,4.3708e+05,-69081,0
10196,4.3707e+05,-69102,0
10197,4.3705e+05,-69123,0
10198,4.3703e+05,-69143,0
10199,4.3702e+05,-69164,0
10200,4.37e+05,-69185,0
10201,4.3699e+05,-69206,0
10202,4.3697e+05,-69227,0
10203,4.3695e+05,-69248,0
10204,4.3694e+05,-69269,0
10205,4.3692e+05,-69290,0
10206,4.369e+05,-69311,0
10207,4.3689e+05,-69332,0
10208,4.3687e+05,-69353,0
10209,4.3685e+05,-69374,0
10210,4.3684e+05,-69395,0
10211,4.3682e+05,-69416,0
10212,4.368e+05,-69437,0
10213,4.3679e+05,-69457,0
10214,4.3677e+05,-69478,0
10215,4.3675e+05,-69499,0
10216,4.3674e+05,-69520,0
10217,4.3672e+05,-69541,0
10218,4.367e+05,-69562,0
10219,4.3669e+05,-69583,0
10220,4.3667e+05,-69604,0
10221,4.3665e+05,-69624,0
10222,4.3664e+05,-69645,0
10223,4.3662e+05,-69666,0
10224,4.366e+05,-69687,0
10225,4.3659e+05,-69708,0
10226,4.3657e+05,-69728,0
10227,4.3655e+05,-69749,0
10228,4.3654e+05,-69770,0
10229,4.3652e+05,-69791,0
10230,4.3651e+05,-69812,0
10231,4.3649e+05,-69832,0
10232,4.3647e+05,-69853,0
10233,4.3646e+05,-69874,0
10234,4.3644e+05,-69895,0
10235,4.3642e+05,-69915,0
10236,4.3641e+05,-69936,0
10237,4.3639e+05,-69957,0
10238,4.3637e+05,-69978,0
10239,4.3636e+05,-69998,0
10240,4.3634e+05,-70019,0
10241,4.3632e+05,-70040,0
10242,4.3631e+05,-70060,0
10243,4.3629e+05,-70081,0
10244,4.3627e+05,-70102,0
10245,4.3626e+05,-70123,0
10246,4.3624e+05,-70143,0
10247,4.3622e+05,-70164,0
10248,4.3621e+05,-70185,0
10249,4.3619e+05,-70205,0
10250,4.3617e+05,-70226,0
10251,4.3616e+05,-70247,0
10252,4.3614e+05,-70267,0
10253,4.3612e+05,-70288,0
10254,4.3611e+05,-70308,0
10255,4.3609e+05,-70329,0
10256,4.3607e+05,-70350,0
10257,4.3605e+05,-70370,0
10258,4.3604e+05,-70391,0
10259,4.3602e+05,-70411,0
10260,4.36e+05,-70432,0
10261,4.3599e+05,-70453,0
10262,4.3597e+05,-70473,0
10263,4.3595e+05,-70494,0
10264,4.3594e+05,-70514,0
10265,4.3592e+05,-70535,0
10266,4.359e+05,-70555,0
10267,4.3589e+05,-70576,0
10268,4.3587e+05,-70597,0
10269,4.3585e+05,-70617,0
10270,4.3584e+05,-70638,0
10271,4.3582e+05,-70658,0
10272,4.358e+05,-70679,0
10273,4.3579e+05,-70699,0
10274,4.3577e+05,-70720,0
10275,4.3575e+05,-70740,0
10276,4.3574e+05,-70761,0
10277,4.3572e+05,-70781,0
10278,4.357e+05,-70802,0
10279,4.3569e+05,-70822,0
10280,4.3567e+05,-70842,0
10281,4.3565e+05,-70863,0
10282,4.3564e+05,-70883,0
10283,4.3562e+05,-70904,0
10284,4.356e+05,-70924,0
10285,4.3558e+05,-70945,0
10286,4.3557e+05,-70965,0
10287,4.3555e+05,-70985,0
10288,4.3553e+05,-71006,0
10289,4.3552e+05,-71026,0
10290,4.355e+05,-71047,0
10291,4.3548e+05,-71067,0
10292,4.3547e+05,-71087,0
10293,4.3545e+05,-71108,0
10294,4.3543e+05,-71128,0
10295,4.3542e+05,-71149,0
10296,4.354e+05,-71169,0
10297,4.3538e+05,-71189,0
10298,4.3537e+05,-71210,0
10299,4.3535e+05,-71230,0
10300,4.3533e+05,-71250,0
10301,4.3531e+05,-71271,0
10302,4.353e+05,-71291,0
10303,4.3528e+05,-71311,0
10304,4.3526e+05,-71332,0
10305,4.3525e+05,-71352,0
10306,4.3523e+05,-71372,0
10307,4.3521e+05,-71392,0
10308,4.352e+05,-71413,0
10309,4.3518e+05,-71433,0
10310,4.3516e+05,-71453,0
10311,4.3515e+05,-71473,0
10312,4.3513e+05,-71494,0
10313,4.3511e+05,-71514,0
10314,4.3509e+05,-71534,0
10315,4.3508e+05,-71554,0
10316,4.3506e+05,-71575,0
10317,4.3504e+05,-71595,0
10318,4.3503e+05,-71615,0
10319,4.3501e+05,-71635,0
10320,4.3499e+05,-71655,0
10321,4.3498e+05,-71676,0
10322,4.3496e+05,-71696,0
10323,4.3494e+05,-71716,0
10324,4.3492e+05,-71736,0
10325,4.3491e+05,-71756,0
10326,4.3489e+05,-71777,0
10327,4.3487e+05,-71797,0
10328,4.3486e+05,-71817,0
10329,4.3484e+05,-71837,0
10330,4.3482e+05,-71857,0
10331,4.3481e+05,-71877,0
10332,4.3479e+05,-71897,0
10333,4.3477e+05,-71917,0
10334,4.3475e+05,-71938,0
10335,4.3474e+05,-71958,0
10336,4.3472e+05,-71978,0
10337,4.347e+05,-71998,0
10338,4.3469e+05,-72018,0
10339,4.3467e+05,-72038,0
10340,4.3465e+05,-72058,0
10341,4.3464e+05,-72078,0
10342,4.3462e+05,-72098,0
10343,4.346e+05,-72118,0
10344,4.3458e+05,-72138,0
10345,4.3457e+05,-72158,0
10346,4.3455e+05,-72178,0
10347,4.3453e+05,-72198,0
10348,4.3452e+05,-72218,0
10349,4.345e+05,-72238,0
10350,4.3448e+05,-72258,0
10351,4.3446e+05,-72278,0
10352,4.3445e+05,-72298,0
10353,4.3443e+05,-72318,0
10354,4.3441e+05,-72338,0
10355,4.344e+05,-72358,0
10356,4.3438e+05,-72378,0
10357,4.3436e+05,-72398,0
10358,4.3434e+05,-72418,0
10359,4.3433e+05,-72438,0
10360,4.3431e+05,-72458,0
10361,4.3429e+05,-72478,0
10362,4.3428e+05,-72498,0
10363,4.3426e+05,-72518,0
10364,4.3424e+05,-72538,0
10365,4.3422e+05,-72558,0
10366,4.3421e+05,-72578,0
10367,4.3419e+05,-72597,0
10368,4.3417e+05,-72617,0
10369,4.3416e+05,-72637,0
10370,4.3414e+05,-72657,0
10371,4.3412e+05,-72677,0
10372,4.341e+05,-72697,0
10373,4.3409e+05,-72717,0
10374,4.3407e+05,-72737,0
10375,4.3405e+05,-72756,0
10376,4.3404e+05,-72776,0
10377,4.3402e+05,-72796,0
10378,4.34e+05,-72816,0
10379,4.3398e+05,-72836,0
10380,4.3397e+05,-72855,0
10381,4.3395e+05,-72875,0
10382,4.3393e+05,-72895,0
10383,4.3391e+05,-72915,0
10384,4.339e+05,-72935,0
10385,4.3388e+05,-72954,0
10386,4.3386e+05,-72974,0
10387,4.3385e+05,-72994,0
10388,4.3383e+05,-73014,0
10389,4.3381e+05,-73033,0
10390,4.3379e+05,-73053,0
10391,4.3378e+05,-73073,0
10392,4.3376e+05,-73093,0
10393,4.3374e+05,-73112,0
10394,4.3372e+05,-73132,0
10395,4.3371e+05,-73152,0
10396,4.3369e+05,-73171,0
10397,4.3367e+05,-73191,0
10398,4.3366e+05,-73211,0
10399,4.3364e+05,-73231,0
10400,4.3362e+05,-73250,0
10401,4.336e+05,-73270,0
10402,4.3359e+05,-73290,0
10403,4.3357e+05,-73309,0
10404,4.3355e+05,-73329,0
10405,4.3353e+05,-73348,0
10406,4.3352e+05,-73368,0
10407,4.335e+05,-73388,0
10408,4.3348e+05,-73407,0
10409,4.3347e+05,-73427,0
10410,4.3345e+05,-73447,0
10411,4.3343e+05,-73466,0
10412,4.3341e+05,-73486,0
10413,4.334e+05,-73505,0
10414,4.3338e+05,-73525,0
10415,4.3336e+05,-73544,0
10416,4.3334e+05,-73564,0
10417,4.3333e+05,-73584,0
10418,4.3331e+05,-73603,0
10419,4.3329e+05,-73623,0
10420,4.3327e+05,-73642,0
10421,4.3326e+05,-73662,0
10422,4.3324e+05,-73681,0
10423,4.3322e+05,-73701,0
10424,4.332e+05,-73720,0
10425,4.3319e+05,-73740,0
10426,4.3317e+05,-73759,0
10427,4.3315e+05,-73779,0
10428,4.3314e+05,-73798,0
10429,4.3312e+05,-73818,0
10430,4.331e+05,-73837,0
10431,4.3308e+05,-73857,0
10432,4.3307e+05,-73876,0
10433,4.3305e+05,-73896,0
10434,4.3303e+05,-73915,0
10435,4.3301e+05,-73935,0
10436,4.33e+05,-73954,0
10437,4.3298e+05,-73973,0
10438,4.3296e+05,-73993,0
10439,4.3294e+05,-74012,0
10440,4.3293e+05,-74032,0
10441,4.3291e+05,-74051,0
10442,4.3289e+05,-74071,0
10443,4.3287e+05,-74090,0
10444,4.3286e+05,-74109,0
10445,4.3284e+05,-74129,0
10446,4.3282e+05,-74148,0
10447,4.328e+05,-74167,0
10448,4.3279e+05,-74187,0
10449,4.3277e+05,-74206,0
10450,4.3275e+05,-74225,0
10451,4.3273e+05,-74245,0
10452,4.3272e+05,-74264,0
10453,4.327e+05,-74283,0
10454,4.3268e+05,-74303,0
10455,4.3266e+05,-74322,0
10456,4.3265e+05,-74341,0
10457,4.3263e+05,-74361,0
10458,4.3261e+05,-74380,0
10459,4.3259e+05,-74399,0
10460,4.3258e+05,-74418,0
10461,4.3256e+05,-74438,0
10462,4.3254e+05,-74457,0
10463,4.3252e+05,-74476,0
10464,4.3251e+05,-74496,0
10465,4.3249e+05,-74515,0
10466,4.3247e+05,-74534,0
10467,4.3245e+05,-74553,0
10468,4.3244e+05,-74572,0
10469,4.3242e+05,-74592,0
10470,4.324e+05,-74611,0
10471,4.3238e+05,-74630,0
10472,4.3237e+05,-74649,0
10473,4.3235e+05,-74668,0
10474,4.3233e+05,-74688,0
10475,4.3231e+05,-74707,0
10476,4.323e+05,-74726,0
10477,4.3228e+05,-74745,0
10478,4.3226e+05,-74764,0
10479,4.3224e+05,-74783,0
10480,4.3222e+05,-74803,0
10481,4.3221e+05,-74822,0
10482,4.3219e+05,-74841,0
10483,4.3217e+05,-74860,0
10484,4.3215e+05,-74879,0
10485,4.3214e+05,-74898,0
10486,4.3212e+05,-74917,0
10487,4.321e+05,-74936,0
10488,4.3208e+05,-74955,0
10489,4.3207e+05,-74975,0
10490,4.3205e+05,-74994,0
10491,4.3203e+05,-75013,0
10492,4.3201e+05,-75032,0
10493,4.32e+05,-75051,0
10494,4.3198e+05,-75070,0
10495,4.3196e+05,-75089,0
10496,4.3194e+05,-75108,0
10497,4.3192e+05,-75127,0
10498,4.3191e+05,-75146,0
10499,4.3189e+05,-75165,0
10500,4.3187e+05,-75184,0
10501,4.3185e+05,-75203,0
10502,4.3184e+05,-75222,0
10503,4.3182e+05,-75241,0
10504,4.318e+05,-75260,0
10505,4.3178e+05,-75279,0
10506,4.3177e+05,-75298,0
10507,4.3175e+05,-75317,0
10508,4.3173e+05,-75336,0
10509,4.3171e+05,-75355,0
10510,4.3169e+05,-75374,0
10511,4.3168e+05,-75393,0
10512,4.3166e+05,-75412,0
10513,4.3164e+05,-75430,0
10514,4.3162e+05,-75449,0
10515,4.3161e+05,-75468,0
10516,4.3159e+05,-75487,0
10517,4.3157e+05,-75506,0
10518,4.3155e+05,-75525,0
10519,4.3154e+05,-75544,0
10520,4.3152e+05,-75563,0
10521,4.315e+05,-75582,0
10522,4.3148e+05,-75600,0
10523,4.3146e+05,-75619,0
10524,4.3145e+05,-75638,0
10525,4.3143e+05,-75657,0
10526,4.3141e+05,-75676,0
10527,4.3139e+05,-75695,0
10528,4.3138e+05,-75713,0
10529,4.3136e+05,-75732,0
10530,4.3134e+05,-75751,0
10531,4.3132e+05,-75770,0
10532,4.313e+05,-75789,0
10533,4.3129e+05,-75807,0
10534,4.3127e+05,-75826,0
10535,4.3125e+05,-75845,0
10536,4.3123e+05,-75864,0
10537,4.3122e+05,-75882,0
10538,4.312e+05,-75901,0
10539,4.3118e+05,-75920,0
10540,4.3116e+05,-75939,0
10541,4.3114e+05,-75957,0
10542,4.3113e+05,-75976,0
10543,4.3111e+05,-75995,0
10544,4.3109e+05,-76014,0
10545,4.3107e+05,-76032,0
10546,4.3105e+05,-76051,0
10547,4.3104e+05,-76070,0
10548,4.3102e+05,-76088,0
10549,4.31e+05,-76107,0
10550,4.3098e+05,-76126,0
10551,4.3097e+05,-76144,0
10552,4.3095e+05,-76163,0
10553,4.3093e+05,-76182,0
10554,4.3091e+05,-76200,0
10555,4.3089e+05,-76219,0
10556,4.3088e+05,-76238,0
10557,4.3086e+05,-76256,0
10558,4.3084e+05,-76275,0
10559,4.3082e+05,-76293,0
10560,4.308e+05,-76312,0
10561,4.3079e+05,-76331,0
10562,4.3077e+05,-76349,0
10563,4.3075e+05,-76368,0
10564,4.3073e+05,-76386,0
10565,4.3071e+05,-76405,0
10566,4.307e+05,-76423,0
10567,4.3068e+05,-76442,0
10568,4.3066e+05,-76461,0
10569,4.3064e+05,-76479,0
10570,4.3063e+05,-76498,0
10571,4.3061e+05,-76516,0
10572,4.3059e+05,-76535,0
10573,4.3057e+05,-76553,0
10574,4.3055e+05,-76572,0
10575,4.3054e+05,-76590,0
10576,4.3052e+05,-76609,0
10577,4.305e+05,-76627,0
10578,4.3048e+05,-76646,0
10579,4.3046e+05,-76664,0
10580,4.3045e+05,-76683,0
10581,4.3043e+05,-76701,0
10582,4.3041e+05,-76719,0
10583,4.3039e+05,-76738,0
10584,4.3037e+05,-76756,0
10585,4.3036e+05,-76775,0
10586,4.3034e+05,-76793,0
10587,4.3032e+05,-76812,0
10588,4.303e+05,-76830,0
10589,4.3028e+05,-76848,0
10590,4.3027e+05,-76867,0
10591,4.3025e+05,-76885,0
10592,4.3023e+05,-76904,0
10593,4.3021e+05,-76922,0
10594,4.3019e+05,-76940,0
10595,4.3018e+05,-76959,0
10596,4.3016e+05,-76977,0
10597,4.3014e+05,-76995,0
10598,4.3012e+05,-77014,0
10599,4.301e+05,-77032,0
10600,4.3009e+05,-77050,0
10601,4.3007e+05,-77069,0
10602,4.3005e+05,-77087,0
10603,4.3003e+05,-77105,0
10604,4.3001e+05,-77124,0
10605,4.3e+05,-77142,0
10606,4.2998e+05,-77160,0
10607,4.2996e+05,-77179,0
10608,4.2994e+05,-77197,0
10609,4.2992e+05,-77215,0
10610,4.2991e+05,-77233,0
10611,4.2989e+05,-77252,0
10612,4.2987e+05,-77270,0
10613,4.2985e+05,-77288,0
10614,4.2983e+05,-77306,0
10615,4.2981e+05,-77324,0
10616,4.298e+05,-77343,0
10617,4.2978e+05,-77361,0
10618,4.2976e+05,-77379,0
10619,4.2974e+05,-77397,0
10620,4.2972e+05,-77416,0
10621,4.2971e+05,-77434,0
10622,4.2969e+05,-77452,0
10623,4.2967e+05,-77470,0
10624,4.2965e+05,-77488,0
10625,4.2963e+05,-77506,0
10626,4.2962e+05,-77525,0
10627,4.296e+05,-77543,0
10628,4.2958e+05,-77561,0
10629,4.2956e+05,-77579,0
10630,4.2954e+05,-77597,0
10631,4.2952e+05,-77615,0
10632,4.2951e+05,-77633,0
10633,4.2949e+05,-77651,0
10634,4.2947e+05,-77669,0
10635,4.2945e+05,-77688,0
10636,4.2943e+05,-77706,0
10637,4.2942e+05,-77724,0
10638,4.294e+05,-77742,0
10639,4.2938e+05,-77760,0
10640,4.2936e+05,-77778,0
10641,4.2934e+05,-77796,0
10642,4.2933e+05,-77814,0
10643,4.2931e+05,-77832,0
10644,4.2929e+05,-77850,0
10645,4.2927e+05,-77868,0
10646,4.2925e+05,-77886,0
10647,4.2923e+05,-77904,0
10648,4.2922e+05,-77922,0
10649,4.292e+05,-77940,0
10650,4.2918e+05,-77958,0
10651,4.2916e+05,-77976,0
10652,4.2914e+05,-77994,0
10653,4.2912e+05,-78012,0
10654,4.2911e+05,-78030,0
10655,4.2909e+05,-78048,0
10656,4.2907e+05,-78066,0
10657,4.2905e+05,-78084,0
10658,4.2903e+05,-78102,0
10659,4.2902e+05,-78120,0
10660,4.29e+05,-78137,0
10661,4.2898e+05,-78155,0
10662,4.2896e+05,-78173,0
10663,4.2894e+05,-78191,0
10664,4.2892e+05,-78209,0
10665,4.2891e+05,-78227,0
10666,4.2889e+05,-78245,0
10667,4.2887e+05,-78263,0
10668,4.2885e+05,-78281,0
10669,4.2883e+05,-78298,0
10670,4.2881e+05,-78316,0
10671,4.288e+05,-78334,0
10672,4.2878e+05,-78352,0
10673,4.2876e+05,-78370,0
10674,4.2874e+05,-78388,0
10675,4.2872e+05,-78405,0
10676,4.287e+05,-78423,0
10677,4.2869e+05,-78441,0
10678,4.2867e+05,-78459,0
10679,4.2865e+05,-78477,0
10680,4.2863e+05,-78494,0
10681,4.2861e+05,-78512,0
10682,4.286e+05,-78530,0
10683,4.2858e+05,-78548,0
10684,4.2856e+05,-78565,0
10685,4.2854e+05,-78583,0
10686,4.2852e+05,-78601,0
10687,4.285e+05,-78619,0
10688,4.2849e+05,-78636,0
10689,4.2847e+05,-78654,0
10690,4.2845e+05,-78672,0
10691,4.2843e+05,-78689,0
10692,4.2841e+05,-78707,0
10693,4.2839e+05,-78725,0
10694,4.2838e+05,-78742,0
10695,4.2836e+05,-78760,0
10696,4.2834e+05,-78778,0
10697,4.2832e+05,-78795,0
10698,4.283e+05,-78813,0
10699,4.2828e+05,-78831,0
10700,4.2826e+05,-78848,0
10701,4.2825e+05,-78866,0
10702,4.2823e+05,-78884,0
10703,4.2821e+05,-78901,0
10704,4.2819e+05,-78919,0
10705,4.2817e+05,-78936,0
10706,4.2815e+05,-78954,0
10707,4.2814e+05,-78972,0
10708,4.2812e+05,-78989,0
10709,4.281e+05,-79007,0
10710,4.2808e+05,-79024,0
10711,4.2806e+05,-79042,0
10712,4.2804e+05,-79059,0
10713,4.2803e+05,-79077,0
10714,4.2801e+05,-79095,0
10715,4.2799e+05,-79112,0
10716,4.2797e+05,-79130,0
10717,4.2795e+05,-79147,0
10718,4.2793e+05,-79165,0
10719,4.2792e+05,-79182,0
10720,4.279e+05,-79200,0
10721,4.2788e+05,-79217,0
10722,4.2786e+05,-79235,0
10723,4.2784e+05,-79252,0
10724,4.2782e+05,-79270,0
10725,4.278e+05,-79287,0
10726,4.2779e+05,-79304,0
10727,4.2777e+05,-79322,0
10728,4.2775e+05,-79339,0
10729,4.2773e+05,-79357,0
10730,4.2771e+05,-79374,0
10731,4.2769e+05,-79392,0
10732,4.2768e+05,-79409,0
10733,4.2766e+05,-79426,0
10734,4.2764e+05,-79444,0
10735,4.2762e+05,-79461,0
10736,4.276e+05,-79479,0
10737,4.2758e+05,-79496,0
10738,4.2756e+05,-79513,0
10739,4.2755e+05,-79531,0
10740,4.2753e+05,-79548,0
10741,4.2751e+05,-79565,0
10742,4.2749e+05,-79583,0
10743,4.2747e+05,-79600,0
10744,4.2745e+05,-79618,0
10745,4.2743e+05,-79635,0
10746,4.2742e+05,-79652,0
10747,4.274e+05,-79669,0
10748,4.2738e+05,-79687,0
10749,4.2736e+05,-79704,0
10750,4.2734e+05,-79721,0
10751,4.2732e+05,-79739,0
10752,4.273e+05,-79756,0
10753,4.2729e+05,-79773,0
10754,4.2727e+05,-79790,0
10755,4.2725e+05,-79808,0
10756,4.2723e+05,-79825,0
10757,4.2721e+05,-79842,0
10758,4.2719e+05,-79859,0
10759,4.2718e+05,-79877,0
10760,4.2716e+05,-79894,0
10761,4.2714e+05,-79911,0
10762,4.2712e+05,-79928,0
10763,4.271e+05,-79945,0
10764,4.2708e+05,-79963,0
10765,4.2706e+05,-79980,0
10766,4.2705e+05,-79997,0
10767,4.2703e+05,-80014,0
10768,4.2701e+05,-80031,0
10769,4.2699e+05,-80048,0
10770,4.2697e+05,-80066,0
10771,4.2695e+05,-80083,0
10772,4.2693e+05,-80100,0
10773,4.2691e+05,-80117,0
10774,4.269e+05,-80134,0
10775,4.2688e+05,-80151,0
10776,4.2686e+05,-80168,0
10777,4.2684e+05,-80185,0
10778,4.2682e+05,-80203,0
10779,4.268e+05,-80220,0
10780,4.2678e+05,-80237,0
10781,4.2677e+05,-80254,0
10782,4.2675e+05,-80271,0
10783,4.2673e+05,-80288,0
10784,4.2671e+05,-80305,0
10785,4.2669e+05,-80322,0
10786,4.2667e+05,-80339,0
10787,4.2665e+05,-80356,0
10788,4.2664e+05,-80373,0
10789,4.2662e+05,-80390,0
10790,4.266e+05,-80407,0
10791,4.2658e+05,-80424,0
10792,4.2656e+05,-80441,0
10793,4.2654e+05,-80458,0
10794,4.2652e+05,-80475,0
10795,4.265e+05,-80492,0
10796,4.2649e+05,-80509,0
10797,4.2647e+05,-80526,0
10798,4.2645e+05,-80543,0
10799,4.2643e+05,-80560,0
10800,4.2641e+05,-80577,0
10801,4.2639e+05,-80594,0
10802,4.2637e+05,-80611,0
10803,4.2636e+05,-80628,0
10804,4.2634e+05,-80644,0
10805,4.2632e+05,-80661,0
10806,4.263e+05,-80678,0
10807,4.2628e+05,-80695,0
10808,4.2626e+05,-80712,0
10809,4.2624e+05,-80729,0
10810,4.2622e+05,-80746,0
10811,4.2621e+05,-80763,0
10812,4.2619e+05,-80779,0
10813,4.2617e+05,-80796,0
10814,4.2615e+05,-80813,0
10815,4.2613e+05,-80830,0
10816,4.2611e+05,-80847,0
10817,4.2609e+05,-80864,0
10818,4.2607e+05,-80880,0
10819,4.2606e+05,-80897,0
10820,4.2604e+05,-80914,0
10821,4.2602e+05,-80931,0
10822,4.26e+05,-80948,0
10823,4.2598e+05,-80964,0
10824,4.2596e+05,-80981,0
10825,4.2594e+05,-80998,0
10826,4.2592e+05,-81015,0
10827,4.2591e+05,-81031,0
10828,4.2589e+05,-81048,0
10829,4.2587e+05,-81065,0
10830,4.2585e+05,-81082,0
10831,4.2583e+05,-81098,0
10832,4.2581e+05,-81115,0
10833,4.2579e+05,-81132,0
10834,4.2577e+05,-81148,0
10835,4.2576e+05,-81165,0
10836,4.2574e+05,-81182,0
10837,4.2572e+05,-81198,0
10838,4.257e+05,-81215,0
10839,4.2568e+05,-81232,0
10840,4.2566e+05,-81248,0
10841,4.2564e+05,-81265,0
10842,4.2562e+05,-81282,0
10843,4.256e+05,-81298,0
10844,4.2559e+05,-81315,0
10845,4.2557e+05,-81332,0
10846,4.2555e+05,-81348,0
10847,4.2553e+05,-81365,0
10848,4.2551e+05,-81381,0
10849,4.2549e+05,-81398,0
10850,4.2547e+05,-81415,0
10851,4.2545e+05,-81431,0
10852,4.2544e+05,-81448,0
10853,4.2542e+05,-81464,0
10854,4.254e+05,-81481,0
10855,4.2538e+05,-81497,0
10856,4.2536e+05,-81514,0
10857,4.2534e+05,-81530,0
10858,4.2532e+05,-81547,0
10859,4.253e+05,-81564,0
10860,4.2528e+05,-81580,0
10861,4.2527e+05,-81597,0
10862,4.2525e+05,-81613,0
10863,4.2523e+05,-81630,0
10864,4.2521e+05,-81646,0
10865,4.2519e+05,-81662,0
10866,4.2517e+05,-81679,0
10867,4.2515e+05,-81695,0
10868,4.2513e+05,-81712,0
10869,4.2511e+05,-81728,0
10870,4.251e+05,-81745,0
10871,4.2508e+05,-81761,0
10872,4.2506e+05,-81778,0
10873,4.2504e+05,-81794,0
10874,4.2502e+05,-81810,0
10875,4.25e+05,-81827,0
10876,4.2498e+05,-81843,0
10877,4.2496e+05,-81860,0
10878,4.2494e+05,-81876,0
10879,4.2492e+05,-81892,0
10880,4.2491e+05,-81909,0
10881,4.2489e+05,-81925,0
10882,4.2487e+05,-81941,0
10883,4.2485e+05,-81958,0
10884,4.2483e+05,-81974,0
10885,4.2481e+05,-81990,0
10886,4.2479e+05,-82007,0
10887,4.2477e+05,-82023,0
10888,4.2475e+05,-82039,0
10889,4.2474e+05,-82056,0
10890,4.2472e+05,-82072,0
10891,4.247e+05,-82088,0
10892,4.2468e+05,-82105,0
10893,4.2466e+05,-82121,0
10894,4.2464e+05,-82137,0
10895,4.2462e+05,-82153,0
10896,4.246e+05,-82170,0
10897,4.2458e+05,-82186,0
10898,4.2456e+05,-82202,0
10899,4.2455e+05,-82218,0
10900,4.2453e+05,-82235,0
10901,4.2451e+05,-82251,0
10902,4.2449e+05,-82267,0
10903,4.2447e+05,-82283,0
10904,4.2445e+05,-82299,0
10905,4.2443e+05,-82316,0
10906,4.2441e+05,-82332,0
10907,4.2439e+05,-82348,0
10908,4.2437e+05,-82364,0
10909,4.2436e+05,-82380,0
10910,4.2434e+05,-82396,0
10911,4.2432e+05,-82413,0
10912,4.243e+05,-82429,0
10913,4.2428e+05,-82445,0
10914,4.2426e+05,-82461,0
10915,4.2424e+05,-82477,0
10916,4.2422e+05,-82493,0
10917,4.242e+05,-82509,0
10918,4.2418e+05,-82525,0
10919,4.2417e+05,-82542,0
10920,4.2415e+05,-82558,0
10921,4.2413e+05,-82574,0
10922,4.2411e+05,-82590,0
10923,4.2409e+05,-82606,0
10924,4.2407e+05,-82622,0
10925,4.2405e+05,-82638,0
10926,4.2403e+05,-82654,0
10927,4.2401e+05,-82670,0
10928,4.2399e+05,-82686,0
10929,4.2397e+05,-82702,0
10930,4.2396e+05,-82718,0
10931,4.2394e+05,-82734,0
10932,4.2392e+05,-82750,0
10933,4.239e+05,-82766,0
10934,4.2388e+05,-82782,0
10935,4.2386e+05,-82798,0
10936,4.2384e+05,-82814,0
10937,4.2382e+05,-82830,0
10938,4.238e+05,-82846,0
10939,4.2378e+05,-82862,0
10940,4.2376e+05,-82878,0
10941,4.2375e+05,-82894,0
10942,4.2373e+05,-82910,0
10943,4.2371e+05,-82926,0
10944,4.2369e+05,-82941,0
10945,4.2367e+05,-82957,0
10946,4.2365e+05,-82973,0
10947,4.2363e+05,-82989,0
10948,4.2361e+05,-83005,0
10949,4.2359e+05,-83021,0
10950,4.2357e+05,-83037,0
10951,4.2355e+05,-83053,0
10952,4.2354e+05,-83069,0
10953,4.2352e+05,-83084,0
10954,4.235e+05,-83100,0
10955,4.2348e+05,-83116,0
10956,4.2346e+05,-83132,0
10957,4.2344e+05,-83148,0
10958,4.2342e+05,-83163,0
10959,4.234e+05,-83179,0
10960,4.2338e+05,-83195,0
10961,4.2336e+05,-83211,0
10962,4.2334e+05,-83227,0
10963,4.2332e+05,-83242,0
10964,4.2331e+05,-83258,0
10965,4.2329e+05,-83274,0
10966,4.2327e+05,-83290,0
10967,4.2325e+05,-83305,0
10968,4.2323e+05,-83321,0
10969,4.2321e+05,-83337,0
10970,4.2319e+05,-83353,0
10971,4.2317e+05,-83368,0
10972,4.2315e+05,-83384,0
10973,4.2313e+05,-83400,0
10974,4.2311e+05,-83415,0
10975,4.2309e+05,-83431,0
10976,4.2308e+05,-83447,0
10977,4.2306e+05,-83462,0
10978,4.2304e+05,-83478,0
10979,4.2302e+05,-83494,0
10980,4.23e+05,-83509,0
10981,4.2298e+05,-83525,0
10982,4.2296e+05,-83541,0
10983,4.2294e+05,-83556,0
10984,4.2292e+05,-83572,0
10985,4.229e+05,-83588,0
10986,4.2288e+05,-83603,0
10987,4.2286e+05,-83619,0
10988,4.2284e+05,-83634,0
10989,4.2283e+05,-83650,0
10990,4.2281e+05,-83666,0
10991,4.2279e+05,-83681,0
10992,4.2277e+05,-83697,0
10993,4.2275e+05,-83712,0
10994,4.2273e+05,-83728,0
10995,4.2271e+05,-83743,0
10996,4.2269e+05,-83759,0
10997,4.2267e+05,-83774,0
10998,4.2265e+05,-83790,0
10999,4.2263e+05,-83805,0
11000,4.2261e+05,-83821,0
11001,4.2259e+05,-83836,0
11002,4.2257e+05,-83852,0
11003,4.2256e+05,-83867,0
11004,4.2254e+05,-83883,0
11005,4.2252e+05,-83898,0
11006,4.225e+05,-83914,0
11007,4.2248e+05,-83929,0
11008,4.2246e+05,-83945,0
11009,4.2244e+05,-83960,0
11010,4.2242e+05,-83976,0
11011,4.224e+05,-83991,0
11012,4.2238e+05,-84006,0
11013,4.2236e+05,-84022,0
11014,4.2234e+05,-84037,0
11015,4.2232e+05,-84053,0
11016,4.223e+05,-84068,0
11017,4.2229e+05,-84083,0
11018,4.2227e+05,-84099,0
11019,4.2225e+05,-84114,0
11020,4.2223e+05,-84130,0
11021,4.2221e+05,-84145,0
11022,4.2219e+05,-84160,0
11023,4.2217e+05,-84176,0
11024,4.2215e+05,-84191,0
11025,4.2213e+05,-84206,0
11026,4.2211e+05,-84222,0
11027,4.2209e+05,-84237,0
11028,4.2207e+05,-84252,0
11029,4.2205e+05,-84267,0
11030,4.2203e+05,-84283,0
11031,4.2201e+05,-84298,0
11032,4.22e+05,-84313,0
11033,4.2198e+05,-84329,0
11034,4.2196e+05,-84344,0
11035,4.2194e+05,-84359,0
11036,4.2192e+05,-84374,0
11037,4.219e+05,-84390,0
11038,4.2188e+05,-84405,0
11039,4.2186e+05,-84420,0
11040,4.2184e+05,-84435,0
11041,4.2182e+05,-84450,0
11042,4.218e+05,-84466,0
11043,4.2178e+05,-84481,0
11044,4.2176e+05,-84496,0
11045,4.2174e+05,-84511,0
11046,4.2172e+05,-84526,0
11047,4.217e+05,-84542,0
11048,4.2169e+05,-84557,0
11049,4.2167e+05,-84572,0
11050,4.2165e+05,-84587,0
11051,4.2163e+05,-84602,0
11052,4.2161e+05,-84617,0
11053,4.2159e+05,-84632,0
11054,4.2157e+05,-84648,0
11055,4.2155e+05,-84663,0
11056,4.2153e+05,-84678,0
11057,4.2151e+05,-84693,0
11058,4.2149e+05,-84708,0
11059,4.2147e+05,-84723,0
11060,4.2145e+05,-84738,0
11061,4.2143e+05,-84753,0
11062,4.2141e+05,-84768,0
11063,4.2139e+05,-84783,0
11064,4.2137e+05,-84798,0
11065,4.2135e+05,-84813,0
11066,4.2134e+05,-84828,0
11067,4.2132e+05,-84843,0
11068,4.213e+05,-84858,0
11069,4.2128e+05,-84873,0
11070,4.2126e+05,-84888,0
11071,4.2124e+05,-84903,0
11072,4.2122e+05,-84918,0
11073,4.212e+05,-84933,0
11074,4.2118e+05,-84948,0
11075,4.2116e+05,-84963,0
11076,4.2114e+05,-84978,0
11077,4.2112e+05,-84993,0
11078,4.211e+05,-85008,0
11079,4.2108e+05,-85023,0
11080,4.2106e+05,-85038,0
11081,4.2104e+05,-85053,0
11082,4.2102e+05,-85068,0
11083,4.21e+05,-85083,0
11084,4.2098e+05,-85098,0
11085,4.2097e+05,-85112,0
11086,4.2095e+05,-85127,0
11087,4.2093e+05,-85142,0
11088,4.2091e+05,-85157,0
11089,4.2089e+05,-85172,0
11090,4.2087e+05,-85187,0
11091,4.2085e+05,-85202,0
11092,4.2083e+05,-85216,0
11093,4.2081e+05,-85231,0
11094,4.2079e+05,-85246,0
11095,4.2077e+05,-85261,0
11096,4.2075e+05,-85276,0
11097,4.2073e+05,-85291,0
11098,4.2071e+05,-85305,0
11099,4.2069e+05,-85320,0
11100,4.2067e+05,-85335,0
11101,4.2065e+05,-85350,0
11102,4.2063e+05,-85364,0
11103,4.2061e+05,-85379,0
11104,4.2059e+05,-85394,0
11105,4.2057e+05,-85409,0
11106,4.2056e+05,-85423,0
11107,4.2054e+05,-85438,0
11108,4.2052e+05,-85453,0
11109,4.205e+05,-85468,0
11110,4.2048e+05,-85482,0
11111,4.2046e+05,-85497,0
11112,4.2044e+05,-85512,0
11113,4.2042e+05,-85526,0
11114,4.204e+05,-85541,0
11115,4.2038e+05,-85556,0
11116,4.2036e+05,-85570,0
11117,4.2034e+05,-85585,0
11118,4.2032e+05,-85600,0
11119,4.203e+05,-85614,0
11120,4.2028e+05,-85629,0
11121,4.2026e+05,-85644,0
11122,4.2024e+05,-85658,0
11123,4.2022e+05,-85673,0
11124,4.202e+05,-85687,0
11125,4.2018e+05,-85702,0
11126,4.2016e+05,-85717,0
11127,4.2014e+05,-85731,0
11128,4.2012e+05,-85746,0
11129,4.2011e+05,-85760,0
11130,4.2009e+05,-85775,0
11131,4.2007e+05,-85789,0
11132,4.2005e+05,-85804,0
11133,4.2003e+05,-85818,0
11134,4.2001e+05,-85833,0
11135,4.1999e+05,-85848,0
11136,4.1997e+05,-85862,0
11137,4.1995e+05,-85877,0
11138,4.1993e+05,-85891,0
11139,4.1991e+05,-85906,0
11140,4.1989e+05,-85920,0
11141,4.1987e+05,-85934,0
11142,4.1985e+05,-85949,0
11143,4.1983e+05,-85963,0
11144,4.1981e+05,-85978,0
11145,4.1979e+05,-85992,0
11146,4.1977e+05,-86007,0
11147,4.1975e+05,-86021,0
11148,4.1973e+05,-86036,0
11149,4.1971e+05,-86050,0
11150,4.1969e+05,-86064,0
11151,4.1967e+05,-86079,0
11152,4.1965e+05,-86093,0
11153,4.1963e+05,-86108,0
11154,4.1961e+05,-86122,0
11155,4.1959e+05,-86136,0
11156,4.1957e+05,-86151,0
11157,4.1956e+05,-86165,0
11158,4.1954e+05,-86179,0
11159,4.1952e+05,-86194,0
11160,4.195e+05,-86208,0
11161,4.1948e+05,-86222,0
11162,4.1946e+05,-86237,0
11163,4.1944e+05,-86251,0
11164,4.1942e+05,-86265,0
11165,4.194e+05,-86280,0
11166,4.1938e+05,-86294,0
11167,4.1936e+05,-86308,0
11168,4.1934e+05,-86323,0
11169,4.1932e+05,-86337,0
11170,4.193e+05,-86351,0
11171,4.1928e+05,-86365,0
11172,4.1926e+05,-86380,0
11173,4.1924e+05,-86394,0
11174,4.1922e+05,-86408,0
11175,4.192e+05,-86422,0
11176,4.1918e+05,-86437,0
11177,4.1916e+05,-86451,0
11178,4.1914e+05,-86465,0
11179,4.1912e+05,-86479,0
11180,4.191e+05,-86493,0
11181,4.1908e+05,-86508,0
11182,4.1906e+05,-86522,0
11183,4.1904e+05,-86536,0
11184,4.1902e+05,-86550,0
11185,4.19e+05,-86564,0
11186,4.1898e+05,-86578,0
11187,4.1896e+05,-86592,0
11188,4.1894e+05,-86607,0
11189,4.1892e+05,-86621,0
11190,4.189e+05,-86635,0
11191,4.1888e+05,-86649,0
11192,4.1887e+05,-86663,0
11193,4.1885e+05,-86677,0
11194,4.1883e+05,-86691,0
11195,4.1881e+05,-86705,0
11196,4.1879e+05,-86719,0
11197,4.1877e+05,-86733,0
11198,4.1875e+05,-86747,0
11199,4.1873e+05,-86762,0
11200,4.1871e+05,-86776,0
11201,4.1869e+05,-86790,0
11202,4.1867e+05,-86804,0
11203,4.1865e+05,-86818,0
11204,4.1863e+05,-86832,0
11205,4.1861e+05,-86846,0
11206,4.1859e+05,-86860,0
11207,4.1857e+05,-86874,0
11208,4.1855e+05,-86888,0
11209,4.1853e+05,-86902,0
11210,4.1851e+05,-86916,0
11211,4.1849e+05,-86930,0
11212,4.1847e+05,-86943,0
11213,4.1845e+05,-86957,0
11214,4.1843e+05,-86971,0
11215,4.1841e+05,-86985,0
11216,4.1839e+05,-86999,0
11217,4.1837e+05,-87013,0
11218,4.1835e+05,-87027,0
11219,4.1833e+05,-87041,0
11220,4.1831e+05,-87055,0
11221,4.1829e+05,-87069,0
11222,4.1827e+05,-87083,0
11223,4.1825e+05,-87096,0
11224,4.1823e+05,-87110,0
11225,4.1821e+05,-87124,0
11226,4.1819e+05,-87138,0
11227,4.1817e+05,-87152,0
11228,4.1815e+05,-87166,0
11229,4.1813e+05,-87180,0
11230,4.1811e+05,-87193,0
11231,4.1809e+05,-87207,0
11232,4.1807e+05,-87221,0
11233,4.1805e+05,-87235,0
11234,4.1803e+05,-87249,0
11235,4.1801e+05,-87262,0
11236,4.1799e+05,-87276,0
11237,4.1797e+05,-87290,0
11238,4.1795e+05,-87304,0
11239,4.1793e+05,-87317,0
11240,4.1791e+05,-87331,0
11241,4.1789e+05,-87345,0
11242,4.1787e+05,-87359,0
11243,4.1785e+05,-87372,0
11244,4.1783e+05,-87386,0
11245,4.1781e+05,-87400,0
11246,4.1779e+05,-87413,0
11247,4.1777e+05,-87427,0
11248,4.1776e+05,-87441,0
11249,4.1774e+05,-87455,0
11250,4.1772e+05,-87468,0
11251,4.177e+05,-87482,0
11252,4.1768e+05,-87496,0
11253,4.1766e+05,-87509,0
11254,4.1764e+05,-87523,0
11255,4.1762e+05,-87536,0
11256,4.176e+05,-87550,0
11257,4.1758e+05,-87564,0
11258,4.1756e+05,-87577,0
11259,4.1754e+05,-87591,0
11260,4.1752e+05,-87604,0
11261,4.175e+05,-87618,0
11262,4.1748e+05,-87632,0
11263,4.1746e+05,-87645,0
11264,4.1744e+05,-87659,0
11265,4.1742e+05,-87672,0
11266,4.174e+05,-87686,0
11267,4.1738e+05,-87699,0
11268,4.1736e+05,-87713,0
11269,4.1734e+05,-87727,0
11270,4.1732e+05,-87740,0
11271,4.173e+05,-87754,0
11272,4.1728e+05,-87767,0
11273,4.1726e+05,-87781,0
11274,4.1724e+05,-87794,0
11275,4.1722e+05,-87808,0
11276,4.172e+05,-87821,0
11277,4.1718e+05,-87834,0
11278,4.1716e+05,-87848,0
11279,4.1714e+05,-87861,0
11280,4.1712e+05,-87875,0
11281,4.171e+05,-87888,0
11282,4.1708e+05,-87902,0
11283,4.1706e+05,-87915,0
11284,4.1704e+05,-87929,0
11285,4.1702e+05,-87942,0
11286,4.17e+05,-87955,0
11287,4.1698e+05,-87969,0
11288,4.1696e+05,-87982,0
11289,4.1694e+05,-87996,0
11290,4.1692e+05,-88009,0
11291,4.169e+05,-88022,0
11292,4.1688e+05,-88036,0
11293,4.1686e+05,-88049,0
11294,4.1684e+05,-88062,0
11295,4.1682e+05,-88076,0
11296,4.168e+05,-88089,0
11297,4.1678e+05,-88102,0
11298,4.1676e+05,-88116,0
11299,4.1674e+05,-88129,0
11300,4.1672e+05,-88142,0
11301,4.167e+05,-88155,0
11302,4.1668e+05,-88169,0
11303,4.1666e+05,-88182,0
11304,4.1664e+05,-88195,0
11305,4.1662e+05,-88209,0
11306,4.166e+05,-88222,0
11307,4.1658e+05,-88235,0
11308,4.1656e+05,-88248,0
11309,4.1654e+05,-88262,0
11310,4.1652e+05,-88275,0
11311,4.165e+05,-88288,0
11312,4.1648e+05,-88301,0
11313,4.1646e+05,-88314,0
11314,4.1644e+05,-88328,0
11315,4.1642e+05,-88341,0
11316,4.164e+05,-88354,0
11317,4.1638e+05,-88367,0
11318,4.1636e+05,-88380,0
11319,4.1634e+05,-88393,0
11320,4.1632e+05,-88407,0
11321,4.163e+05,-88420,0
11322,4.1628e+05,-88433,0
11323,4.1626e+05,-88446,0
11324,4.1624e+05,-88459,0
11325,4.1622e+05,-88472,0
11326,4.162e+05,-88485,0
11327,4.1618e+05,-88498,0
11328,4.1616e+05,-88511,0
11329,4.1614e+05,-88525,0
11330,4.1612e+05,-88538,0
11331,4.161e+05,-88551,0
11332,4.1608e+05,-88564,0
11333,4.1606e+05,-88577,0
11334,4.1604e+05,-88590,0
11335,4.1602e+05,-88603,0
11336,4.16e+05,-88616,0
11337,4.1598e+05,-88629,0
11338,4.1596e+05,-88642,0
11339,4.1594e+05,-88655,0
11340,4.1592e+05,-88668,0
11341,4.159e+05,-88681,0
11342,4.1588e+05,-88694,0
11343,4.1586e+05,-88707,0
11344,4.1584e+05,-88720,0
11345,4.1582e+05,-88733,0
11346,4.158e+05,-88746,0
11347,4.1578e+05,-88759,0
11348,4.1576e+05,-88772,0
11349,4.1574e+05,-88785,0
11350,4.1572e+05,-88798,0
11351,4.157e+05,-88810,0
11352,4.1568e+05,-88823,0
11353,4.1566e+05,-88836,0
11354,4.1563e+05,-88849,0
11355,4.1561e+05,-88862,0
11356,4.1559e+05,-88875,0
11357,4.1557e+05,-88888,0
11358,4.1555e+05,-88901,0
11359,4.1553e+05,-88913,0
11360,4.1551e+05,-88926,0
11361,4.1549e+05,-88939,0
11362,4.1547e+05,-88952,0
11363,4.1545e+05,-88965,0
11364,4.1543e+05,-88978,0
11365,4.1541e+05,-88990,0
11366,4.1539e+05,-89003,0
11367,4.1537e+05,-89016,0
11368,4.1535e+05,-89029,0
11369,4.1533e+05,-89042,0
11370,4.1531e+05,-89054,0
11371,4.1529e+05,-89067,0
11372,4.1527e+05,-89080,0
11373,4.1525e+05,-89093,0
11374,4.1523e+05,-89105,0
11375,4.1521e+05,-89118,0
11376,4.1519e+05,-89131,0
11377,4.1517e+05,-89144,0
11378,4.1515e+05,-89156,0
11379,4.1513e+05,-89169,0
11380,4.1511e+05,-89182,0
11381,4.1509e+05,-89194,0
11382,4.1507e+05,-89207,0
11383,4.1505e+05,-89220,0
11384,4.1503e+05,-89232,0
11385,4.1501e+05,-89245,0
11386,4.1499e+05,-89258,0
11387,4.1497e+05,-89270,0
11388,4.1495e+05,-89283,0
11389,4.1493e+05,-89296,0
11390,4.1491e+05,-89308,0
11391,4.1489e+05,-89321,0
11392,4.1487e+05,-89333,0
11393,4.1485e+05,-89346,0
11394,4.1483e+05,-89359,0
11395,4.1481e+05,-89371,0
11396,4.1479e+05,-89384,0
11397,4.1477e+05,-89396,0
11398,4.1475e+05,-89409,0
11399,4.1473e+05,-89422,0
11400,4.1471e+05,-89434,0
11401,4.1469e+05,-89447,0
11402,4.1467e+05,-89459,0
11403,4.1465e+05,-89472,0
11404,4.1463e+05,-89484,0
11405,4.1461e+05,-89497,0
11406,4.1459e+05,-89509,0
11407,4.1457e+05,-89522,0
11408,4.1455e+05,-89534,0
11409,4.1453e+05,-89547,0
11410,4.1451e+05,-89559,0
11411,4.1449e+05,-89572,0
11412,4.1447e+05,-89584,0
11413,4.1444e+05,-89596,0
11414,4.1442e+05,-89609,0
11415,4.144e+05,-89621,0
11416,4.1438e+05,-89634,0
11417,4.1436e+05,-89646,0
11418,4.1434e+05,-89659,0
11419,4.1432e+05,-89671,0
11420,4.143e+05,-89683,0
11421,4.1428e+05,-89696,0
11422,4.1426e+05,-89708,0
11423,4.1424e+05,-89721,0
11424,4.1422e+05,-89733,0
11425,4.142e+05,-89745,0
11426,4.1418e+05,-89758,0
11427,4.1416e+05,-89770,0
11428,4.1414e+05,-89782,0
11429,4.1412e+05,-89795,0
11430,4.141e+05,-89807,0
11431,4.1408e+05,-89819,0
11432,4.1406e+05,-89832,0
11433,4.1404e+05,-89844,0
11434,4.1402e+05,-89856,0
11435,4.14e+05,-89868,0
11436,4.1398e+05,-89881,0
11437,4.1396e+05,-89893,0
11438,4.1394e+05,-89905,0
11439,4.1392e+05,-89917,0
11440,4.139e+05,-89930,0
11441,4.1388e+05,-89942,0
11442,4.1386e+05,-89954,0
11443,4.1384e+05,-89966,0
11444,4.1382e+05,-89979,0
11445,4.138e+05,-89991,0
11446,4.1378e+05,-90003,0
11447,4.1376e+05,-90015,0
11448,4.1374e+05,-90027,0
11449,4.1372e+05,-90040,0
11450,4.1369e+05,-90052,0
11451,4.1367e+05,-90064,0
11452,4.1365e+05,-90076,0
11453,4.1363e+05,-90088,0
11454,4.1361e+05,-90100,0
11455,4.1359e+05,-90112,0
11456,4.1357e+05,-90125,0
11457,4.1355e+05,-90137,0
11458,4.1353e+05,-90149,0
11459,4.1351e+05,-90161,0
11460,4.1349e+05,-90173,0
11461,4.1347e+05,-90185,0
11462,4.1345e+05,-90197,0
11463,4.1343e+05,-90209,0
11464,4.1341e+05,-90221,0
11465,4.1339e+05,-90233,0
11466,4.1337e+05,-90245,0
11467,4.1335e+05,-90257,0
11468,4.1333e+05,-90269,0
11469,4.1331e+05,-90281,0
11470,4.1329e+05,-90293,0
11471,4.1327e+05,-90305,0
11472,4.1325e+05,-90317,0
11473,4.1323e+05,-90329,0
11474,4.1321e+05,-90341,0
11475,4.1319e+05,-90353,0
11476,4.1317e+05,-90365,0
11477,4.1315e+05,-90377,0
11478,4.1313e+05,-90389,0
11479,4.1311e+05,-90401,0
11480,4.1309e+05,-90413,0
11481,4.1306e+05,-90425,0
11482,4.1304e+05,-90437,0
11483,4.1302e+05,-90449,0
11484,4.13e+05,-90461,0
11485,4.1298e+05,-90473,0
11486,4.1296e+05,-90485,0
11487,4.1294e+05,-90497,0
11488,4.1292e+05,-90508,0
11489,4.129e+05,-90520,0
11490,4.1288e+05,-90532,0
11491,4.1286e+05,-90544,0
11492,4.1284e+05,-90556,0
11493,4.1282e+05,-90568,0
11494,4.128e+05,-90580,0
11495,4.1278e+05,-90591,0
11496,4.1276e+05,-90603,0
11497,4.1274e+05,-90615,0
11498,4.1272e+05,-90627,0
11499,4.127e+05,-90639,0
11500,4.1268e+05,-90650,0
11501,4.1266e+05,-90662,0
11502,4.1264e+05,-90674,0
11503,4.1262e+05,-90686,0
11504,4.126e+05,-90698,0
11505,4.1258e+05,-90709,0
11506,4.1256e+05,-90721,0
11507,4.1253e+05,-90733,0
11508,4.1251e+05,-90744,0
11509,4.1249e+05,-90756,0
11510,4.1247e+05,-90768,0
11511,4.1245e+05,-90780,0
11512,4.1243e+05,-90791,0
11513,4.1241e+05,-90803,0
11514,4.1239e+05,-90815,0
11515,4.1237e+05,-90826,0
11516,4.1235e+05,-90838,0
11517,4.1233e+05,-90850,0
11518,4.1231e+05,-90861,0
11519,4.1229e+05,-90873,0
11520,4.1227e+05,-90885,0
11521,4.1225e+05,-90896,0
11522,4.1223e+05,-90908,0
11523,4.1221e+05,-90919,0
11524,4.1219e+05,-90931,0
11525,4.1217e+05,-90943,0
11526,4.1215e+05,-90954,0
11527,4.1213e+05,-90966,0
11528,4.1211e+05,-90977,0
11529,4.1209e+05,-90989,0
11530,4.1207e+05,-91001,0
11531,4.1204e+05,-91012,0
11532,4.1202e+05,-91024,0
11533,4.12e+05,-91035,0
11534,4.1198e+05,-91047,0
11535,4.1196e+05,-91058,0
11536,4.1194e+05,-91070,0
11537,4.1192e+05,-91081,0
11538,4.119e+05,-91093,0
11539,4.1188e+05,-91104,0
11540,4.1186e+05,-91116,0
11541,4.1184e+05,-91127,0
11542,4.1182e+05,-91139,0
11543,4.118e+05,-91150,0
11544,4.1178e+05,-91162,0
11545,4.1176e+05,-91173,0
11546,4.1174e+05,-91184,0
11547,4.1172e+05,-91196,0
11548,4.117e+05,-91207,0
11549,4.1168e+05,-91219,0
11550,4.1166e+05,-91230,0
11551,4.1164e+05,-91242,0
11552,4.1162e+05,-91253,0
11553,4.1159e+05,-91264,0
11554,4.1157e+05,-91276,0
11555,4.1155e+05,-91287,0
11556,4.1153e+05,-91298,0
11557,4.1151e+05,-91310,0
11558,4.1149e+05,-91321,0
11559,4.1147e+05,-91332,0
11560,4.1145e+05,-91344,0
11561,4.1143e+05,-91355,0
11562,4.1141e+05,-91366,0
11563,4.1139e+05,-91378,0
11564,4.1137e+05,-91389,0
11565,4.1135e+05,-91400,0
11566,4.1133e+05,-91412,0
11567,4.1131e+05,-91423,0
11568,4.1129e+05,-91434,0
11569,4.1127e+05,-91445,0
11570,4.1125e+05,-91457,0
11571,4.1123e+05,-91468,0
11572,4.1121e+05,-91479,0
11573,4.1118e+05,-91490,0
11574,4.1116e+05,-91502,0
11575,4.1114e+05,-91513,0
11576,4.1112e+05,-91524,0
11577,4.111e+05,-91535,0
11578,4.1108e+05,-91546,0
11579,4.1106e+05,-91558,0
11580,4.1104e+05,-91569,0
11581,4.1102e+05,-91580,0
11582,4.11e+05,-91591,0
11583,4.1098e+05,-91602,0
11584,4.1096e+05,-91613,0
11585,4.1094e+05,-91625,0
11586,4.1092e+05,-91636,0
11587,4.109e+05,-91647,0
11588,4.1088e+05,-91658,0
11589,4.1086e+05,-91669,0
11590,4.1084e+05,-91680,0
11591,4.1082e+05,-91691,0
11592,4.1079e+05,-91702,0
11593,4.1077e+05,-91713,0
11594,4.1075e+05,-91724,0
11595,4.1073e+05,-91735,0
11596,4.1071e+05,-91747,0
11597,4.1069e+05,-91758,0
11598,4.1067e+05,-91769,0
11599,4.1065e+05,-91780,0
11600,4.1063e+05,-91791,0
11601,4.1061e+05,-91802,0
11602,4.1059e+05,-91813,0
11603,4.1057e+05,-91824,0
11604,4.1055e+05,-91835,0
11605,4.1053e+05,-91846,0
11606,4.1051e+05,-91857,0
11607,4.1049e+05,-91868,0
11608,4.1047e+05,-91879,0
11609,4.1044e+05,-91890,0
11610,4.1042e+05,-91901,0
11611,4.104e+05,-91911,0
11612,4.1038e+05,-91922,0
11613,4.1036e+05,-91933,0
11614,4.1034e+05,-91944,0
11615,4.1032e+05,-91955,0
11616,4.103e+05,-91966,0
11617,4.1028e+05,-91977,0
11618,4.1026e+05,-91988,0
11619,4.1024e+05,-91999,0
11620,4.1022e+05,-92010,0
11621,4.102e+05,-92020,0
11622,4.1018e+05,-92031,0
11623,4.1016e+05,-92042,0
11624,4.1014e+05,-92053,0
11625,4.1012e+05,-92064,0
11626,4.1009e+05,-92075,0
11627,4.1007e+05,-92085,0
11628,4.1005e+05,-92096,0
11629,4.1003e+05,-92107,0
11630,4.1001e+05,-92118,0
11631,4.0999e+05,-92129,0
11632,4.0997e+05,-92139,0
11633,4.0995e+05,-92150,0
11634,4.0993e+05,-92161,0
11635,4.0991e+05,-92172,0
11636,4.0989e+05,-92182,0
11637,4.0987e+05,-92193,0
11638,4.0985e+05,-92204,0
11639,4.0983e+05,-92215,0
11640,4.0981e+05,-92225,0
11641,4.0979e+05,-92236,0
11642,4.0977e+05,-92247,0
11643,4.0974e+05,-92257,0
11644,4.0972e+05,-92268,0
11645,4.097e+05,-92279,0
11646,4.0968e+05,-92289,0
11647,4.0966e+05,-92300,0
11648,4.0964e+05,-92311,0
11649,4.0962e+05,-92321,0
11650,4.096e+05,-92332,0
11651,4.0958e+05,-92343,0
11652,4.0956e+05,-92353,0
11653,4.0954e+05,-92364,0
11654,4.0952e+05,-92375,0
11655,4.095e+05,-92385,0
11656,4.0948e+05,-92396,0
11657,4.0946e+05,-92406,0
11658,4.0943e+05,-92417,0
11659,4.0941e+05,-92427,0
11660,4.0939e+05,-92438,0
11661,4.0937e+05,-92449,0
11662,4.0935e+05,-92459,0
11663,4.0933e+05,-92470,0
11664,4.0931e+05,-92480,0
11665,4.0929e+05,-92491,0
11666,4.0927e+05,-92501,0
11667,4.0925e+05,-92512,0
11668,4.0923e+05,-92522,0
11669,4.0921e+05,-92533,0
11670,4.0919e+05,-92543,0
11671,4.0917e+05,-92554,0
11672,4.0915e+05,-92564,0
11673,4.0913e+05,-92575,0
11674,4.091e+05,-92585,0
11675,4.0908e+05,-92596,0
11676,4.0906e+05,-92606,0
11677,4.0904e+05,-92616,0
11678,4.0902e+05,-92627,0
11679,4.09e+05,-92637,0
11680,4.0898e+05,-92648,0
11681,4.0896e+05,-92658,0
11682,4.0894e+05,-92668,0
11683,4.0892e+05,-92679,0
11684,4.089e+05,-92689,0
11685,4.0888e+05,-92700,0
11686,4.0886e+05,-92710,0
11687,4.0884e+05,-92720,0
11688,4.0881e+05,-92731,0
11689,4.0879e+05,-92741,0
11690,4.0877e+05,-92751,0
11691,4.0875e+05,-92762,0
11692,4.0873e+05,-92772,0
11693,4.0871e+05,-92782,0
11694,4.0869e+05,-92793,0
11695,4.0867e+05,-92803,0
11696,4.0865e+05,-92813,0
11697,4.0863e+05,-92823,0
11698,4.0861e+05,-92834,0
11699,4.0859e+05,-92844,0
11700,4.0857e+05,-92854,0
11701,4.0855e+05,-92864,0
11702,4.0853e+05,-92875,0
11703,4.085e+05,-92885,0
11704,4.0848e+05,-92895,0
11705,4.0846e+05,-92905,0
11706,4.0844e+05,-92916,0
11707,4.0842e+05,-92926,0
11708,4.084e+05,-92936,0
11709,4.0838e+05,-92946,0
11710,4.0836e+05,-92956,0
11711,4.0834e+05,-92967,0
11712,4.0832e+05,-92977,0
11713,4.083e+05,-92987,0
11714,4.0828e+05,-92997,0
11715,4.0826e+05,-93007,0
11716,4.0823e+05,-93017,0
11717,4.0821e+05,-93027,0
11718,4.0819e+05,-93037,0
11719,4.0817e+05,-93048,0
11720,4.0815e+05,-93058,0
11721,4.0813e+05,-93068,0
11722,4.0811e+05,-93078,0
11723,4.0809e+05,-93088,0
11724,4.0807e+05,-93098,0
11725,4.0805e+05,-93108,0
11726,4.0803e+05,-93118,0
11727,4.0801e+05,-93128,0
11728,4.0799e+05,-93138,0
11729,4.0797e+05,-93148,0
11730,4.0794e+05,-93158,0
11731,4.0792e+05,-93168,0
11732,4.079e+05,-93178,0
11733,4.0788e+05,-93188,0
11734,4.0786e+05,-93198,0
11735,4.0784e+05,-93208,0
11736,4.0782e+05,-93218,0
11737,4.078e+05,-93228,0
11738,4.0778e+05,-93238,0
11739,4.0776e+05,-93248,0
11740,4.0774e+05,-93258,0
11741,4.0772e+05,-93268,0
11742,4.077e+05,-93278,0
11743,4.0767e+05,-93288,0
11744,4.0765e+05,-93298,0
11745,4.0763e+05,-93308,0
11746,4.0761e+05,-93318,0
11747,4.0759e+05,-93327,0
11748,4.0757e+05,-93337,0
11749,4.0755e+05,-93347,0
11750,4.0753e+05,-93357,0
11751,4.0751e+05,-93367,0
11752,4.0749e+05,-93377,0
11753,4.0747e+05,-93387,0
11754,4.0745e+05,-93396,0
11755,4.0743e+05,-93406,0
11756,4.074e+05,-93416,0
11757,4.0738e+05,-93426,0
11758,4.0736e+05,-93436,0
11759,4.0734e+05,-93445,0
11760,4.0732e+05,-93455,0
11761,4.073e+05,-93465,0
11762,4.0728e+05,-93475,0
11763,4.0726e+05,-93485,0
11764,4.0724e+05,-93494,0
11765,4.0722e+05,-93504,0
11766,4.072e+05,-93514,0
11767,4.0718e+05,-93524,0
11768,4.0716e+05,-93533,0
11769,4.0713e+05,-93543,0
11770,4.0711e+05,-93553,0
11771,4.0709e+05,-93562,0
11772,4.0707e+05,-93572,0
11773,4.0705e+05,-93582,0
11774,4.0703e+05,-93592,0
11775,4.0701e+05,-93601,0
11776,4.0699e+05,-93611,0
11777,4.0697e+05,-93621,0
11778,4.0695e+05,-93630,0
11779,4.0693e+05,-93640,0
11780,4.0691e+05,-93649,0
11781,4.0688e+05,-93659,0
11782,4.0686e+05,-93669,0
11783,4.0684e+05,-93678,0
11784,4.0682e+05,-93688,0
11785,4.068e+05,-93697,0
11786,4.0678e+05,-93707,0
11787,4.0676e+05,-93717,0
11788,4.0674e+05,-93726,0
11789,4.0672e+05,-93736,0
11790,4.067e+05,-93745,0
11791,4.0668e+05,-93755,0
11792,4.0666e+05,-93764,0
11793,4.0663e+05,-93774,0
11794,4.0661e+05,-93783,0
11795,4.0659e+05,-93793,0
11796,4.0657e+05,-93803,0
11797,4.0655e+05,-93812,0
11798,4.0653e+05,-93822,0
11799,4.0651e+05,-93831,0
11800,4.0649e+05,-93840,0
11801,4.0647e+05,-93850,0
11802,4.0645e+05,-93859,0
11803,4.0643e+05,-93869,0
11804,4.0641e+05,-93878,0
11805,4.0638e+05,-93888,0
11806,4.0636e+05,-93897,0
11807,4.0634e+05,-93907,0
11808,4.0632e+05,-93916,0
11809,4.063e+05,-93925,0
11810,4.0628e+05,-93935,0
11811,4.0626e+05,-93944,0
11812,4.0624e+05,-93954,0
11813,4.0622e+05,-93963,0
11814,4.062e+05,-93972,0
11815,4.0618e+05,-93982,0
11816,4.0616e+05,-93991,0
11817,4.0613e+05,-94000,0
11818,4.0611e+05,-94010,0
11819,4.0609e+05,-94019,0
11820,4.0607e+05,-94028,0
11821,4.0605e+05,-94038,0
11822,4.0603e+05,-94047,0
11823,4.0601e+05,-94056,0
11824,4.0599e+05,-94066,0
11825,4.0597e+05,-94075,0
11826,4.0595e+05,-94084,0
11827,4.0593e+05,-94093,0
11828,4.059e+05,-94103,0
11829,4.0588e+05,-94112,0
11830,4.0586e+05,-94121,0
11831,4.0584e+05,-94130,0
11832,4.0582e+05,-94140,0
11833,4.058e+05,-94149,0
11834,4.0578e+05,-94158,0
11835,4.0576e+05,-94167,0
11836,4.0574e+05,-94176,0
11837,4.0572e+05,-94186,0
11838,4.057e+05,-94195,0
11839,4.0568e+05,-94204,0
11840,4.0565e+05,-94213,0
11841,4.0563e+05,-94222,0
11842,4.0561e+05,-94232,0
11843,4.0559e+05,-94241,0
11844,4.0557e+05,-94250,0
11845,4.0555e+05,-94259,0
11846,4.0553e+05,-94268,0
11847,4.0551e+05,-94277,0
11848,4.0549e+05,-94286,0
11849,4.0547e+05,-94295,0
11850,4.0545e+05,-94304,0
11851,4.0542e+05,-94314,0
11852,4.054e+05,-94323,0
11853,4.0538e+05,-94332,0
11854,4.0536e+05,-94341,0
11855,4.0534e+05,-94350,0
11856,4.0532e+05,-94359,0
11857,4.053e+05,-94368,0
11858,4.0528e+05,-94377,0
11859,4.0526e+05,-94386,0
11860,4.0524e+05,-94395,0
11861,4.0522e+05,-94404,0
11862,4.0519e+05,-94413,0
11863,4.0517e+05,-94422,0
11864,4.0515e+05,-94431,0
11865,4.0513e+05,-94440,0
11866,4.0511e+05,-94449,0
11867,4.0509e+05,-94458,0
11868,4.0507e+05,-94467,0
11869,4.0505e+05,-94476,0
11870,4.0503e+05,-94485,0
11871,4.0501e+05,-94493,0
11872,4.0499e+05,-94502,0
11873,4.0496e+05,-94511,0
11874,4.0494e+05,-94520,0
11875,4.0492e+05,-94529,0
11876,4.049e+05,-94538,0
11877,4.0488e+05,-94547,0
11878,4.0486e+05,-94556,0
11879,4.0484e+05,-94565,0
11880,4.0482e+05,-94573,0
11881,4.048e+05,-94582,0
11882,4.0478e+05,-94591,0
11883,4.0475e+05,-94600,0
11884,4.0473e+05,-94609,0
11885,4.0471e+05,-94618,0
11886,4.0469e+05,-94626,0
11887,4.0467e+05,-94635,0
11888,4.0465e+05,-94644,0
11889,4.0463e+05,-94653,0
11890,4.0461e+05,-94662,0
11891,4.0459e+05,-94670,0
11892,4.0457e+05,-94679,0
11893,4.0455e+05,-94688,0
11894,4.0452e+05,-94697,0
11895,4.045e+05,-94705,0
11896,4.0448e+05,-94714,0
11897,4.0446e+05,-94723,0
11898,4.0444e+05,-94731,0
11899,4.0442e+05,-94740,0
11900,4.044e+05,-94749,0
11901,4.0438e+05,-94758,0
11902,4.0436e+05,-94766,0
11903,4.0434e+05,-94775,0
11904,4.0431e+05,-94784,0
11905,4.0429e+05,-94792,0
11906,4.0427e+05,-94801,0
11907,4.0425e+05,-94810,0
11908,4.0423e+05,-94818,0
11909,4.0421e+05,-94827,0
11910,4.0419e+05,-94835,0
11911,4.0417e+05,-94844,0
11912,4.0415e+05,-94853,0
11913,4.0413e+05,-94861,0
11914,4.0411e+05,-94870,0
11915,4.0408e+05,-94878,0
11916,4.0406e+05,-94887,0
11917,4.0404e+05,-94896,0
11918,4.0402e+05,-94904,0
11919,4.04e+05,-94913,0
11920,4.0398e+05,-94921,0
11921,4.0396e+05,-94930,0
11922,4.0394e+05,-94938,0
11923,4.0392e+05,-94947,0
11924,4.039e+05,-94955,0
11925,4.0387e+05,-94964,0
11926,4.0385e+05,-94972,0
11927,4.0383e+05,-94981,0
11928,4.0381e+05,-94989,0
11929,4.0379e+05,-94998,0
11930,4.0377e+05,-95006,0
11931,4.0375e+05,-95015,0
11932,4.0373e+05,-95023,0
11933,4.0371e+05,-95032,0
11934,4.0369e+05,-95040,0
11935,4.0366e+05,-95048,0
11936,4.0364e+05,-95057,0
11937,4.0362e+05,-95065,0
11938,4.036e+05,-95074,0
11939,4.0358e+05,-95082,0
11940,4.0356e+05,-95090,0
11941,4.0354e+05,-95099,0
11942,4.0352e+05,-95107,0
11943,4.035e+05,-95115,0
11944,4.0348e+05,-95124,0
11945,4.0345e+05,-95132,0
11946,4.0343e+05,-95141,0
11947,4.0341e+05,-95149,0
11948,4.0339e+05,-95157,0
11949,4.0337e+05,-95165,0
11950,4.0335e+05,-95174,0
11951,4.0333e+05,-95182,0
11952,4.0331e+05,-95190,0
11953,4.0329e+05,-95199,0
11954,4.0327e+05,-95207,0
11955,4.0324e+05,-95215,0
11956,4.0322e+05,-95223,0
11957,4.032e+05,-95232,0
11958,4.0318e+05,-95240,0
11959,4.0316e+05,-95248,0
11960,4.0314e+05,-95256,0
11961,4.0312e+05,-95265,0
11962,4.031e+05,-95273,0
11963,4.0308e+05,-95281,0
11964,4.0306e+05,-95289,0
11965,4.0303e+05,-95297,0
11966,4.0301e+05,-95306,0
11967,4.0299e+05,-95314,0
11968,4.0297e+05,-95322,0
11969,4.0295e+05,-95330,0
11970,4.0293e+05,-95338,0
11971,4.0291e+05,-95346,0
11972,4.0289e+05,-95355,0
11973,4.0287e+05,-95363,0
11974,4.0285e+05,-95371,0
11975,4.0282e+05,-95379,0
11976,4.028e+05,-95387,0
11977,4.0278e+05,-95395,0
11978,4.0276e+05,-95403,0
11979,4.0274e+05,-95411,0
11980,4.0272e+05,-95419,0
11981,4.027e+05,-95427,0
11982,4.0268e+05,-95435,0
11983,4.0266e+05,-95443,0
11984,4.0263e+05,-95452,0
11985,4.0261e+05,-95460,0
11986,4.0259e+05,-95468,0
11987,4.0257e+05,-95476,0
11988,4.0255e+05,-95484,0
11989,4.0253e+05,-95492,0
11990,4.0251e+05,-95500,0
11991,4.0249e+05,-95508,0
11992,4.0247e+05,-95516,0
11993,4.0245e+05,-95523,0
11994,4.0242e+05,-95531,0
11995,4.024e+05,-95539,0
11996,4.0238e+05,-95547,0
11997,4.0236e+05,-95555,0
11998,4.0234e+05,-95563,0
11999,4.0232e+05,-95571,0
12000,4.023e+05,-95579,0
12001,4.0228e+05,-95587,0
12002,4.0226e+05,-95595,0
12003,4.0223e+05,-95603,0
12004,4.0221e+05,-95611,0
12005,4.0219e+05,-95618,0
12006,4.0217e+05,-95626,0
12007,4.0215e+05,-95634,0
12008,4.0213e+05,-95642,0
12009,4.0211e+05,-95650,0
12010,4.0209e+05,-95658,0
12011,4.0207e+05,-95666,0
12012,4.0205e+05,-95673,0
12013,4.0202e+05,-95681,0
12014,4.02e+05,-95689,0
12015,4.0198e+05,-95697,0
12016,4.0196e+05,-95705,0
12017,4.0194e+05,-95712,0
12018,4.0192e+05,-95720,0
12019,4.019e+05,-95728,0
12020,4.0188e+05,-95736,0
12021,4.0186e+05,-95743,0
12022,4.0183e+05,-95751,0
12023,4.0181e+05,-95759,0
12024,4.0179e+05,-95767,0
12025,4.0177e+05,-95774,0
12026,4.0175e+05,-95782,0
12027,4.0173e+05,-95790,0
12028,4.0171e+05,-95797,0
12029,4.0169e+05,-95805,0
12030,4.0167e+05,-95813,0
12031,4.0165e+05,-95820,0
12032,4.0162e+05,-95828,0
12033,4.016e+05,-95836,0
12034,4.0158e+05,-95843,0
12035,4.0156e+05,-95851,0
12036,4.0154e+05,-95859,0
12037,4.0152e+05,-95866,0
12038,4.015e+05,-95874,0
12039,4.0148e+05,-95881,0
12040,4.0146e+05,-95889,0
12041,4.0143e+05,-95897,0
12042,4.0141e+05,-95904,0
12043,4.0139e+05,-95912,0
12044,4.0137e+05,-95919,0
12045,4.0135e+05,-95927,0
12046,4.0133e+05,-95934,0
12047,4.0131e+05,-95942,0
12048,4.0129e+05,-95950,0
12049,4.0127e+05,-95957,0
12050,4.0124e+05,-95965,0
12051,4.0122e+05,-95972,0
12052,4.012e+05,-95980,0
12053,4.0118e+05,-95987,0
12054,4.0116e+05,-95995,0
12055,4.0114e+05,-96002,0
12056,4.0112e+05,-96010,0
12057,4.011e+05,-96017,0
12058,4.0108e+05,-96024,0
12059,4.0105e+05,-96032,0
12060,4.0103e+05,-96039,0
12061,4.0101e+05,-96047,0
12062,4.0099e+05,-96054,0
12063,4.0097e+05,-96062,0
12064,4.0095e+05,-96069,0
12065,4.0093e+05,-96076,0
12066,4.0091e+05,-96084,0
12067,4.0089e+05,-96091,0
12068,4.0086e+05,-96099,0
12069,4.0084e+05,-96106,0
12070,4.0082e+05,-96113,0
12071,4.008e+05,-96121,0
12072,4.0078e+05,-96128,0
12073,4.0076e+05,-96135,0
12074,4.0074e+05,-96143,0
12075,4.0072e+05,-96150,0
12076,4.007e+05,-96157,0
12077,4.0067e+05,-96165,0
12078,4.0065e+05,-96172,0
12079,4.0063e+05,-96179,0
12080,4.0061e+05,-96186,0
12081,4.0059e+05,-96194,0
12082,4.0057e+05,-96201,0
12083,4.0055e+05,-96208,0
12084,4.0053e+05,-96216,0
12085,4.0051e+05,-96223,0
12086,4.0048e+05,-96230,0
12087,4.0046e+05,-96237,0
12088,4.0044e+05,-96244,0
12089,4.0042e+05,-96252,0
12090,4.004e+05,-96259,0
12091,4.0038e+05,-96266,0
12092,4.0036e+05,-96273,0
12093,4.0034e+05,-96280,0
12094,4.0032e+05,-96288,0
12095,4.0029e+05,-96295,0
12096,4.0027e+05,-96302,0
12097,4.0025e+05,-96309,0
12098,4.0023e+05,-96316,0
12099,4.0021e+05,-96323,0
12100,4.0019e+05,-96330,0
12101,4.0017e+05,-96338,0
12102,4.0015e+05,-96345,0
12103,4.0013e+05,-96352,0
12104,4.001e+05,-96359,0
12105,4.0008e+05,-96366,0
12106,4.0006e+05,-96373,0
12107,4.0004e+05,-96380,0
12108,4.0002e+05,-96387,0
12109,4e+05,-96394,0
12110,3.9998e+05,-96401,0
12111,3.9996e+05,-96408,0
12112,3.9994e+05,-96415,0
12113,3.9991e+05,-96422,0
12114,3.9989e+05,-96429,0
12115,3.9987e+05,-96436,0
12116,3.9985e+05,-96443,0
12117,3.9983e+05,-96450,0
12118,3.9981e+05,-96457,0
12119,3.9979e+05,-96464,0
12120,3.9977e+05,-96471,0
12121,3.9974e+05,-96478,0
12122,3.9972e+05,-96485,0
12123,3.997e+05,-96492,0
12124,3.9968e+05,-96499,0
12125,3.9966e+05,-96506,0
12126,3.9964e+05,-96513,0
12127,3.9962e+05,-96520,0
12128,3.996e+05,-96527,0
12129,3.9958e+05,-96534,0
12130,3.9955e+05,-96540,0
12131,3.9953e+05,-96547,0
12132,3.9951e+05,-96554,0
12133,3.9949e+05,-96561,0
12134,3.9947e+05,-96568,0
12135,3.9945e+05,-96575,0
12136,3.9943e+05,-96582,0
12137,3.9941e+05,-96588,0
12138,3.9939e+05,-96595,0
12139,3.9936e+05,-96602,0
12140,3.9934e+05,-96609,0
12141,3.9932e+05,-96616,0
12142,3.993e+05,-96622,0
12143,3.9928e+05,-96629,0
12144,3.9926e+05,-96636,0
12145,3.9924e+05,-96643,0
12146,3.9922e+05,-96650,0
12147,3.9919e+05,-96656,0
12148,3.9917e+05,-96663,0
12149,3.9915e+05,-96670,0
12150,3.9913e+05,-96677,0
12151,3.9911e+05,-96683,0
12152,3.9909e+05,-96690,0
12153,3.9907e+05,-96697,0
12154,3.9905e+05,-96703,0
12155,3.9903e+05,-96710,0
12156,3.99e+05,-96717,0
12157,3.9898e+05,-96723,0
12158,3.9896e+05,-96730,0
12159,3.9894e+05,-96737,0
12160,3.9892e+05,-96743,0
12161,3.989e+05,-96750,0
12162,3.9888e+05,-96757,0
12163,3.9886e+05,-96763,0
12164,3.9883e+05,-96770,0
12165,3.9881e+05,-96776,0
12166,3.9879e+05,-96783,0
12167,3.9877e+05,-96790,0
12168,3.9875e+05,-96796,0
12169,3.9873e+05,-96803,0
12170,3.9871e+05,-96809,0
12171,3.9869e+05,-96816,0
12172,3.9867e+05,-96822,0
12173,3.9864e+05,-96829,0
12174,3.9862e+05,-96836,0
12175,3.986e+05,-96842,0
12176,3.9858e+05,-96849,0
12177,3.9856e+05,-96855,0
12178,3.9854e+05,-96862,0
12179,3.9852e+05,-96868,0
12180,3.985e+05,-96875,0
12181,3.9847e+05,-96881,0
12182,3.9845e+05,-96888,0
12183,3.9843e+05,-96894,0
12184,3.9841e+05,-96901,0
12185,3.9839e+05,-96907,0
12186,3.9837e+05,-96913,0
12187,3.9835e+05,-96920,0
12188,3.9833e+05,-96926,0
12189,3.9831e+05,-96933,0
12190,3.9828e+05,-96939,0
12191,3.9826e+05,-96945,0
12192,3.9824e+05,-96952,0
12193,3.9822e+05,-96958,0
12194,3.982e+05,-96965,0
12195,3.9818e+05,-96971,0
12196,3.9816e+05,-96977,0
12197,3.9814e+05,-96984,0
12198,3.9811e+05,-96990,0
12199,3.9809e+05,-96996,0
12200,3.9807e+05,-97003,0
12201,3.9805e+05,-97009,0
12202,3.9803e+05,-97015,0
12203,3.9801e+05,-97022,0
12204,3.9799e+05,-97028,0
12205,3.9797e+05,-97034,0
12206,3.9794e+05,-97041,0
12207,3.9792e+05,-97047,0
12208,3.979e+05,-97053,0
12209,3.9788e+05,-97059,0
12210,3.9786e+05,-97066,0
12211,3.9784e+05,-97072,0
12212,3.9782e+05,-97078,0
12213,3.978e+05,-97084,0
12214,3.9778e+05,-97091,0
12215,3.9775e+05,-97097,0
12216,3.9773e+05,-97103,0
12217,3.9771e+05,-97109,0
12218,3.9769e+05,-97115,0
12219,3.9767e+05,-97121,0
12220,3.9765e+05,-97128,0
12221,3.9763e+05,-97134,0
12222,3.9761e+05,-97140,0
12223,3.9758e+05,-97146,0
12224,3.9756e+05,-97152,0
12225,3.9754e+05,-97158,0
12226,3.9752e+05,-97165,0
12227,3.975e+05,-97171,0
12228,3.9748e+05,-97177,0
12229,3.9746e+05,-97183,0
12230,3.9744e+05,-97189,0
12231,3.9741e+05,-97195,0
12232,3.9739e+05,-97201,0
12233,3.9737e+05,-97207,0
12234,3.9735e+05,-97213,0
12235,3.9733e+05,-97219,0
12236,3.9731e+05,-97225,0
12237,3.9729e+05,-97231,0
12238,3.9727e+05,-97237,0
12239,3.9725e+05,-97243,0
12240,3.9722e+05,-97249,0
12241,3.972e+05,-97255,0
12242,3.9718e+05,-97261,0
12243,3.9716e+05,-97267,0
12244,3.9714e+05,-97273,0
12245,3.9712e+05,-97279,0
12246,3.971e+05,-97285,0
12247,3.9708e+05,-97291,0
12248,3.9705e+05,-97297,0
12249,3.9703e+05,-97303,0
12250,3.9701e+05,-97309,0
12251,3.9699e+05,-97315,0
12252,3.9697e+05,-97321,0
12253,3.9695e+05,-97327,0
12254,3.9693e+05,-97333,0
12255,3.9691e+05,-97339,0
12256,3.9688e+05,-97345,0
12257,3.9686e+05,-97350,0
12258,3.9684e+05,-97356,0
12259,3.9682e+05,-97362,0
12260,3.968e+05,-97368,0
12261,3.9678e+05,-97374,0
12262,3.9676e+05,-97380,0
12263,3.9674e+05,-97385,0
12264,3.9671e+05,-97391,0
12265,3.9669e+05,-97397,0
12266,3.9667e+05,-97403,0
12267,3.9665e+05,-97409,0
12268,3.9663e+05,-97414,0
12269,3.9661e+05,-97420,0
12270,3.9659e+05,-97426,0
12271,3.9657e+05,-97432,0
12272,3.9654e+05,-97438,0
12273,3.9652e+05,-97443,0
12274,3.965e+05,-97449,0
12275,3.9648e+05,-97455,0
12276,3.9646e+05,-97461,0
12277,3.9644e+05,-97466,0
12278,3.9642e+05,-97472,0
12279,3.964e+05,-97478,0
12280,3.9637e+05,-97483,0
12281,3.9635e+05,-97489,0
12282,3.9633e+05,-97495,0
12283,3.9631e+05,-97500,0
12284,3.9629e+05,-97506,0
12285,3.9627e+05,-97512,0
12286,3.9625e+05,-97517,0
12287,3.9623e+05,-97523,0
12288,3.962e+05,-97529,0
12289,3.9618e+05,-97534,0
12290,3.9616e+05,-97540,0
12291,3.9614e+05,-97545,0
12292,3.9612e+05,-97551,0
12293,3.961e+05,-97557,0
12294,3.9608e+05,-97562,0
12295,3.9606e+05,-97568,0
12296,3.9604e+05,-97573,0
12297,3.9601e+05,-97579,0
12298,3.9599e+05,-97584,0
12299,3.9597e+05,-97590,0
12300,3.9595e+05,-97596,0
12301,3.9593e+05,-97601,0
12302,3.9591e+05,-97607,0
12303,3.9589e+05,-97612,0
12304,3.9587e+05,-97618,0
12305,3.9584e+05,-97623,0
12306,3.9582e+05,-97629,0
12307,3.958e+05,-97634,0
12308,3.9578e+05,-97639,0
12309,3.9576e+05,-97645,0
12310,3.9574e+05,-97650,0
12311,3.9572e+05,-97656,0
12312,3.957e+05,-97661,0
12313,3.9567e+05,-97667,0
12314,3.9565e+05,-97672,0
12315,3.9563e+05,-97678,0
12316,3.9561e+05,-97683,0
12317,3.9559e+05,-97688,0
12318,3.9557e+05,-97694,0
12319,3.9555e+05,-97699,0
12320,3.9553e+05,-97704,0
12321,3.955e+05,-97710,0
12322,3.9548e+05,-97715,0
12323,3.9546e+05,-97721,0
12324,3.9544e+05,-97726,0
12325,3.9542e+05,-97731,0
12326,3.954e+05,-97737,0
12327,3.9538e+05,-97742,0
12328,3.9536e+05,-97747,0
12329,3.9533e+05,-97752,0
12330,3.9531e+05,-97758,0
12331,3.9529e+05,-97763,0
12332,3.9527e+05,-97768,0
12333,3.9525e+05,-97774,0
12334,3.9523e+05,-97779,0
12335,3.9521e+05,-97784,0
12336,3.9519e+05,-97789,0
12337,3.9516e+05,-97795,0
12338,3.9514e+05,-97800,0
12339,3.9512e+05,-97805,0
12340,3.951e+05,-97810,0
12341,3.9508e+05,-97815,0
12342,3.9506e+05,-97821,0
12343,3.9504e+05,-97826,0
12344,3.9502e+05,-97831,0
12345,3.9499e+05,-97836,0
12346,3.9497e+05,-97841,0
12347,3.9495e+05,-97847,0
12348,3.9493e+05,-97852,0
12349,3.9491e+05,-97857,0
12350,3.9489e+05,-97862,0
12351,3.9487e+05,-97867,0
12352,3.9485e+05,-97872,0
12353,3.9482e+05,-97877,0
12354,3.948e+05,-97882,0
12355,3.9478e+05,-97888,0
12356,3.9476e+05,-97893,0
12357,3.9474e+05,-97898,0
12358,3.9472e+05,-97903,0
12359,3.947e+05,-97908,0
12360,3.9467e+05,-97913,0
12361,3.9465e+05,-97918,0
12362,3.9463e+05,-97923,0
12363,3.9461e+05,-97928,0
12364,3.9459e+05,-97933,0
12365,3.9457e+05,-97938,0
12366,3.9455e+05,-97943,0
12367,3.9453e+05,-97948,0
12368,3.945e+05,-97953,0
12369,3.9448e+05,-97958,0
12370,3.9446e+05,-97963,0
12371,3.9444e+05,-97968,0
12372,3.9442e+05,-97973,0
12373,3.944e+05,-97978,0
12374,3.9438e+05,-97983,0
12375,3.9436e+05,-97988,0
12376,3.9433e+05,-97993,0
12377,3.9431e+05,-97998,0
12378,3.9429e+05,-98002,0
12379,3.9427e+05,-98007,0
12380,3.9425e+05,-98012,0
12381,3.9423e+05,-98017,0
12382,3.9421e+05,-98022,0
12383,3.9419e+05,-98027,0
12384,3.9416e+05,-98032,0
12385,3.9414e+05,-98037,0
12386,3.9412e+05,-98041,0
12387,3.941e+05,-98046,0
12388,3.9408e+05,-98051,0
12389,3.9406e+05,-98056,0
12390,3.9404e+05,-98061,0
12391,3.9402e+05,-98066,0
12392,3.9399e+05,-98070,0
12393,3.9397e+05,-98075,0
12394,3.9395e+05,-98080,0
12395,3.9393e+05,-98085,0
12396,3.9391e+05,-98089,0
12397,3.9389e+05,-98094,0
12398,3.9387e+05,-98099,0
12399,3.9385e+05,-98104,0
12400,3.9382e+05,-98108,0
12401,3.938e+05,-98113,0
12402,3.9378e+05,-98118,0
12403,3.9376e+05,-98123,0
12404,3.9374e+05,-98127,0
12405,3.9372e+05,-98132,0
12406,3.937e+05,-98137,0
12407,3.9368e+05,-98141,0
12408,3.9365e+05,-98146,0
12409,3.9363e+05,-98151,0
12410,3.9361e+05,-98155,0
12411,3.9359e+05,-98160,0
12412,3.9357e+05,-98165,0
12413,3.9355e+05,-98169,0
12414,3.9353e+05,-98174,0
12415,3.9351e+05,-98178,0
12416,3.9348e+05,-98183,0
12417,3.9346e+05,-98188,0
12418,3.9344e+05,-98192,0
12419,3.9342e+05,-98197,0
12420,3.934e+05,-98201,0
12421,3.9338e+05,-98206,0
12422,3.9336e+05,-98211,0
12423,3.9333e+05,-98215,0
12424,3.9331e+05,-98220,0
12425,3.9329e+05,-98224,0
12426,3.9327e+05,-98229,0
12427,3.9325e+05,-98233,0
12428,3.9323e+05,-98238,0
12429,3.9321e+05,-98242,0
12430,3.9319e+05,-98247,0
12431,3.9316e+05,-98251,0
12432,3.9314e+05,-98256,0
12433,3.9312e+05,-98260,0
12434,3.931e+05,-98265,0
12435,3.9308e+05,-98269,0
12436,3.9306e+05,-98274,0
12437,3.9304e+05,-98278,0
12438,3.9302e+05,-98282,0
12439,3.9299e+05,-98287,0
12440,3.9297e+05,-98291,0
12441,3.9295e+05,-98296,0
12442,3.9293e+05,-98300,0
12443,3.9291e+05,-98304,0
12444,3.9289e+05,-98309,0
12445,3.9287e+05,-98313,0
12446,3.9285e+05,-98318,0
12447,3.9282e+05,-98322,0
12448,3.928e+05,-98326,0
12449,3.9278e+05,-98331,0
12450,3.9276e+05,-98335,0
12451,3.9274e+05,-98339,0
12452,3.9272e+05,-98344,0
12453,3.927e+05,-98348,0
12454,3.9268e+05,-98352,0
12455,3.9265e+05,-98356,0
12456,3.9263e+05,-98361,0
12457,3.9261e+05,-98365,0
12458,3.9259e+05,-98369,0
12459,3.9257e+05,-98374,0
12460,3.9255e+05,-98378,0
12461,3.9253e+05,-98382,0
12462,3.9251e+05,-98386,0
12463,3.9248e+05,-98390,0
12464,3.9246e+05,-98395,0
12465,3.9244e+05,-98399,0
12466,3.9242e+05,-98403,0
12467,3.924e+05,-98407,0
12468,3.9238e+05,-98411,0
12469,3.9236e+05,-98416,0
12470,3.9233e+05,-98420,0
12471,3.9231e+05,-98424,0
12472,3.9229e+05,-98428,0
12473,3.9227e+05,-98432,0
12474,3.9225e+05,-98436,0
12475,3.9223e+05,-98441,0
12476,3.9221e+05,-98445,0
12477,3.9219e+05,-98449,0
12478,3.9216e+05,-98453,0
12479,3.9214e+05,-98457,0
12480,3.9212e+05,-98461,0
12481,3.921e+05,-98465,0
12482,3.9208e+05,-98469,0
12483,3.9206e+05,-98473,0
12484,3.9204e+05,-98477,0
12485,3.9202e+05,-98481,0
12486,3.9199e+05,-98485,0
12487,3.9197e+05,-98490,0
12488,3.9195e+05,-98494,0
12489,3.9193e+05,-98498,0
12490,3.9191e+05,-98502,0
12491,3.9189e+05,-98506,0
12492,3.9187e+05,-98510,0
12493,3.9185e+05,-98514,0
12494,3.9182e+05,-98518,0
12495,3.918e+05,-98522,0
12496,3.9178e+05,-98525,0
12497,3.9176e+05,-98529,0
12498,3.9174e+05,-98533,0
12499,3.9172e+05,-98537,0
12500,3.917e+05,-98541,0
12501,3.9168e+05,-98545,0
12502,3.9165e+05,-98549,0
12503,3.9163e+05,-98553,0
12504,3.9161e+05,-98557,0
12505,3.9159e+05,-98561,0
12506,3.9157e+05,-98565,0
12507,3.9155e+05,-98569,0
12508,3.9153e+05,-98572,0
12509,3.915e+05,-98576,0
12510,3.9148e+05,-98580,0
12511,3.9146e+05,-98584,0
12512,3.9144e+05,-98588,0
12513,3.9142e+05,-98592,0
12514,3.914e+05,-98595,0
12515,3.9138e+05,-98599,0
12516,3.9136e+05,-98603,0
12517,3.9133e+05,-98607,0
12518,3.9131e+05,-98611,0
12519,3.9129e+05,-98614,0
12520,3.9127e+05,-98618,0
12521,3.9125e+05,-98622,0
12522,3.9123e+05,-98626,0
12523,3.9121e+05,-98629,0
12524,3.9119e+05,-98633,0
12525,3.9116e+05,-98637,0
12526,3.9114e+05,-98641,0
12527,3.9112e+05,-98644,0
12528,3.911e+05,-98648,0
12529,3.9108e+05,-98652,0
12530,3.9106e+05,-98655,0
12531,3.9104e+05,-98659,0
12532,3.9102e+05,-98663,0
12533,3.9099e+05,-98666,0
12534,3.9097e+05,-98670,0
12535,3.9095e+05,-98674,0
12536,3.9093e+05,-98677,0
12537,3.9091e+05,-98681,0
12538,3.9089e+05,-98685,0
12539,3.9087e+05,-98688,0
12540,3.9085e+05,-98692,0
12541,3.9082e+05,-98695,0
12542,3.908e+05,-98699,0
12543,3.9078e+05,-98703,0
12544,3.9076e+05,-98706,0
12545,3.9074e+05,-98710,0
12546,3.9072e+05,-98713,0
12547,3.907e+05,-98717,0
12548,3.9067e+05,-98720,0
12549,3.9065e+05,-98724,0
12550,3.9063e+05,-98728,0
12551,3.9061e+05,-98731,0
12552,3.9059e+05,-98735,0
12553,3.9057e+05,-98738,0
12554,3.9055e+05,-98742,0
12555,3.9053e+05,-98745,0
12556,3.905e+05,-98749,0
12557,3.9048e+05,-98752,0
12558,3.9046e+05,-98755,0
12559,3.9044e+05,-98759,0
12560,3.9042e+05,-98762,0
12561,3.904e+05,-98766,0
12562,3.9038e+05,-98769,0
12563,3.9036e+05,-98773,0
12564,3.9033e+05,-98776,0
12565,3.9031e+05,-98779,0
12566,3.9029e+05,-98783,0
12567,3.9027e+05,-98786,0
12568,3.9025e+05,-98790,0
12569,3.9023e+05,-98793,0
12570,3.9021e+05,-98796,0
12571,3.9019e+05,-98800,0
12572,3.9016e+05,-98803,0
12573,3.9014e+05,-98806,0
12574,3.9012e+05,-98810,0
12575,3.901e+05,-98813,0
12576,3.9008e+05,-98816,0
12577,3.9006e+05,-98820,0
12578,3.9004e+05,-98823,0
12579,3.9001e+05,-98826,0
12580,3.8999e+05,-98830,0
12581,3.8997e+05,-98833,0
12582,3.8995e+05,-98836,0
12583,3.8993e+05,-98839,0
12584,3.8991e+05,-98843,0
12585,3.8989e+05,-98846,0
12586,3.8987e+05,-98849,0
12587,3.8984e+05,-98852,0
12588,3.8982e+05,-98856,0
12589,3.898e+05,-98859,0
12590,3.8978e+05,-98862,0
12591,3.8976e+05,-98865,0
12592,3.8974e+05,-98868,0
12593,3.8972e+05,-98872,0
12594,3.897e+05,-98875,0
12595,3.8967e+05,-98878,0
12596,3.8965e+05,-98881,0
12597,3.8963e+05,-98884,0
12598,3.8961e+05,-98887,0
12599,3.8959e+05,-98891,0
12600,3.8957e+05,-98894,0
12601,3.8955e+05,-98897,0
12602,3.8953e+05,-98900,0
12603,3.895e+05,-98903,0
12604,3.8948e+05,-98906,0
12605,3.8946e+05,-98909,0
12606,3.8944e+05,-98912,0
12607,3.8942e+05,-98915,0
12608,3.894e+05,-98918,0
12609,3.8938e+05,-98921,0
12610,3.8936e+05,-98924,0
12611,3.8933e+05,-98928,0
12612,3.8931e+05,-98931,0
12613,3.8929e+05,-98934,0
12614,3.8927e+05,-98937,0
12615,3.8925e+05,-98940,0
12616,3.8923e+05,-98943,0
12617,3.8921e+05,-98946,0
12618,3.8919e+05,-98949,0
12619,3.8916e+05,-98952,0
12620,3.8914e+05,-98954,0
12621,3.8912e+05,-98957,0
12622,3.891e+05,-98960,0
12623,3.8908e+05,-98963,0
12624,3.8906e+05,-98966,0
12625,3.8904e+05,-98969,0
12626,3.8901e+05,-98972,0
12627,3.8899e+05,-98975,0
12628,3.8897e+05,-98978,0
12629,3.8895e+05,-98981,0
12630,3.8893e+05,-98984,0
12631,3.8891e+05,-98987,0
12632,3.8889e+05,-98989,0
12633,3.8887e+05,-98992,0
12634,3.8884e+05,-98995,0
12635,3.8882e+05,-98998,0
12636,3.888e+05,-99001,0
12637,3.8878e+05,-99004,0
12638,3.8876e+05,-99006,0
12639,3.8874e+05,-99009,0
12640,3.8872e+05,-99012,0
12641,3.887e+05,-99015,0
12642,3.8867e+05,-99018,0
12643,3.8865e+05,-99020,0
12644,3.8863e+05,-99023,0
12645,3.8861e+05,-99026,0
12646,3.8859e+05,-99029,0
12647,3.8857e+05,-99031,0
12648,3.8855e+05,-99034,0
12649,3.8853e+05,-99037,0
12650,3.885e+05,-99040,0
12651,3.8848e+05,-99042,0
12652,3.8846e+05,-99045,0
12653,3.8844e+05,-99048,0
12654,3.8842e+05,-99050,0
12655,3.884e+05,-99053,0
12656,3.8838e+05,-99056,0
12657,3.8836e+05,-99058,0
12658,3.8833e+05,-99061,0
12659,3.8831e+05,-99064,0
12660,3.8829e+05,-99066,0
12661,3.8827e+05,-99069,0
12662,3.8825e+05,-99072,0
12663,3.8823e+05,-99074,0
12664,3.8821e+05,-99077,0
12665,3.8819e+05,-99080,0
12666,3.8816e+05,-99082,0
12667,3.8814e+05,-99085,0
12668,3.8812e+05,-99087,0
12669,3.881e+05,-99090,0
12670,3.8808e+05,-99092,0
12671,3.8806e+05,-99095,0
12672,3.8804e+05,-99097,0
12673,3.8801e+05,-99100,0
12674,3.8799e+05,-99103,0
12675,3.8797e+05,-99105,0
12676,3.8795e+05,-99108,0
12677,3.8793e+05,-99110,0
12678,3.8791e+05,-99113,0
12679,3.8789e+05,-99115,0
12680,3.8787e+05,-99118,0
12681,3.8784e+05,-99120,0
12682,3.8782e+05,-99122,0
12683,3.878e+05,-99125,0
12684,3.8778e+05,-99127,0
12685,3.8776e+05,-99130,0
12686,3.8774e+05,-99132,0
12687,3.8772e+05,-99135,0
12688,3.877e+05,-99137,0
12689,3.8767e+05,-99139,0
12690,3.8765e+05,-99142,0
12691,3.8763e+05,-99144,0
12692,3.8761e+05,-99147,0
12693,3.8759e+05,-99149,0
12694,3.8757e+05,-99151,0
12695,3.8755e+05,-99154,0
12696,3.8753e+05,-99156,0
12697,3.875e+05,-99158,0
12698,3.8748e+05,-99161,0
12699,3.8746e+05,-99163,0
12700,3.8744e+05,-99165,0
12701,3.8742e+05,-99168,0
12702,3.874e+05,-99170,0
12703,3.8738e+05,-99172,0
12704,3.8736e+05,-99175,0
12705,3.8733e+05,-99177,0
12706,3.8731e+05,-99179,0
12707,3.8729e+05,-99181,0
12708,3.8727e+05,-99184,0
12709,3.8725e+05,-99186,0
12710,3.8723e+05,-99188,0
12711,3.8721e+05,-99190,0
12712,3.8719e+05,-99193,0
12713,3.8716e+05,-99195,0
12714,3.8714e+05,-99197,0
12715,3.8712e+05,-99199,0
12716,3.871e+05,-99201,0
12717,3.8708e+05,-99204,0
12718,3.8706e+05,-99206,0
12719,3.8704e+05,-99208,0
12720,3.8702e+05,-99210,0
12721,3.8699e+05,-99212,0
12722,3.8697e+05,-99214,0
12723,3.8695e+05,-99217,0
12724,3.8693e+05,-99219,0
12725,3.8691e+05,-99221,0
12726,3.8689e+05,-99223,0
12727,3.8687e+05,-99225,0
12728,3.8685e+05,-99227,0
12729,3.8682e+05,-99229,0
12730,3.868e+05,-99231,0
12731,3.8678e+05,-99233,0
12732,3.8676e+05,-99235,0
12733,3.8674e+05,-99237,0
12734,3.8672e+05,-99239,0
12735,3.867e+05,-99241,0
12736,3.8668e+05,-99244,0
12737,3.8665e+05,-99246,0
12738,3.8663e+05,-99248,0
12739,3.8661e+05,-99250,0
12740,3.8659e+05,-99252,0
12741,3.8657e+05,-99254,0
12742,3.8655e+05,-99255,0
12743,3.8653e+05,-99257,0
12744,3.8651e+05,-99259,0
12745,3.8648e+05,-99261,0
12746,3.8646e+05,-99263,0
12747,3.8644e+05,-99265,0
12748,3.8642e+05,-99267,0
12749,3.864e+05,-99269,0
12750,3.8638e+05,-99271,0
12751,3.8636e+05,-99273,0
12752,3.8634e+05,-99275,0
12753,3.8631e+05,-99277,0
12754,3.8629e+05,-99279,0
12755,3.8627e+05,-99280,0
12756,3.8625e+05,-99282,0
12757,3.8623e+05,-99284,0
12758,3.8621e+05,-99286,0
12759,3.8619e+05,-99288,0
12760,3.8617e+05,-99290,0
12761,3.8614e+05,-99292,0
12762,3.8612e+05,-99293,0
12763,3.861e+05,-99295,0
12764,3.8608e+05,-99297,0
12765,3.8606e+05,-99299,0
12766,3.8604e+05,-99301,0
12767,3.8602e+05,-99302,0
12768,3.86e+05,-99304,0
12769,3.8597e+05,-99306,0
12770,3.8595e+05,-99308,0
12771,3.8593e+05,-99309,0
12772,3.8591e+05,-99311,0
12773,3.8589e+05,-99313,0
12774,3.8587e+05,-99315,0
12775,3.8585e+05,-99316,0
12776,3.8583e+05,-99318,0
12777,3.858e+05,-99320,0
12778,3.8578e+05,-99321,0
12779,3.8576e+05,-99323,0
12780,3.8574e+05,-99325,0
12781,3.8572e+05,-99326,0
12782,3.857e+05,-99328,0
12783,3.8568e+05,-99330,0
12784,3.8566e+05,-99331,0
12785,3.8563e+05,-99333,0
12786,3.8561e+05,-99335,0
12787,3.8559e+05,-99336,0
12788,3.8557e+05,-99338,0
12789,3.8555e+05,-99339,0
12790,3.8553e+05,-99341,0
12791,3.8551e+05,-99343,0
12792,3.8549e+05,-99344,0
12793,3.8546e+05,-99346,0
12794,3.8544e+05,-99347,0
12795,3.8542e+05,-99349,0
12796,3.854e+05,-99350,0
12797,3.8538e+05,-99352,0
12798,3.8536e+05,-99353,0
12799,3.8534e+05,-99355,0
12800,3.8532e+05,-99356,0
12801,3.853e+05,-99358,0
12802,3.8527e+05,-99359,0
12803,3.8525e+05,-99361,0
12804,3.8523e+05,-99362,0
12805,3.8521e+05,-99364,0
12806,3.8519e+05,-99365,0
12807,3.8517e+05,-99367,0
12808,3.8515e+05,-99368,0
12809,3.8513e+05,-99370,0
12810,3.851e+05,-99371,0
12811,3.8508e+05,-99372,0
12812,3.8506e+05,-99374,0
12813,3.8504e+05,-99375,0
12814,3.8502e+05,-99377,0
12815,3.85e+05,-99378,0
12816,3.8498e+05,-99379,0
12817,3.8496e+05,-99381,0
12818,3.8493e+05,-99382,0
12819,3.8491e+05,-99384,0
12820,3.8489e+05,-99385,0
12821,3.8487e+05,-99386,0
12822,3.8485e+05,-99388,0
12823,3.8483e+05,-99389,0
12824,3.8481e+05,-99390,0
12825,3.8479e+05,-99391,0
12826,3.8476e+05,-99393,0
12827,3.8474e+05,-99394,0
12828,3.8472e+05,-99395,0
12829,3.847e+05,-99397,0
12830,3.8468e+05,-99398,0
12831,3.8466e+05,-99399,0
12832,3.8464e+05,-99400,0
12833,3.8462e+05,-99402,0
12834,3.846e+05,-99403,0
12835,3.8457e+05,-99404,0
12836,3.8455e+05,-99405,0
12837,3.8453e+05,-99407,0
12838,3.8451e+05,-99408,0
12839,3.8449e+05,-99409,0
12840,3.8447e+05,-99410,0
12841,3.8445e+05,-99411,0
12842,3.8443e+05,-99412,0
12843,3.844e+05,-99414,0
12844,3.8438e+05,-99415,0
12845,3.8436e+05,-99416,0
12846,3.8434e+05,-99417,0
12847,3.8432e+05,-99418,0
12848,3.843e+05,-99419,0
12849,3.8428e+05,-99420,0
12850,3.8426e+05,-99422,0
12851,3.8423e+05,-99423,0
12852,3.8421e+05,-99424,0
12853,3.8419e+05,-99425,0
12854,3.8417e+05,-99426,0
12855,3.8415e+05,-99427,0
12856,3.8413e+05,-99428,0
12857,3.8411e+05,-99429,0
12858,3.8409e+05,-99430,0
12859,3.8406e+05,-99431,0
12860,3.8404e+05,-99432,0
12861,3.8402e+05,-99433,0
12862,3.84e+05,-99434,0
12863,3.8398e+05,-99435,0
12864,3.8396e+05,-99436,0
12865,3.8394e+05,-99437,0
12866,3.8392e+05,-99438,0
12867,3.839e+05,-99439,0
12868,3.8387e+05,-99440,0
12869,3.8385e+05,-99441,0
12870,3.8383e+05,-99442,0
12871,3.8381e+05,-99443,0
12872,3.8379e+05,-99444,0
12873,3.8377e+05,-99445,0
12874,3.8375e+05,-99446,0
12875,3.8373e+05,-99446,0
12876,3.837e+05,-99447,0
12877,3.8368e+05,-99448,0
12878,3.8366e+05,-99449,0
12879,3.8364e+05,-99450,0
12880,3.8362e+05,-99451,0
12881,3.836e+05,-99452,0
12882,3.8358e+05,-99453,0
12883,3.8356e+05,-99453,0
12884,3.8354e+05,-99454,0
12885,3.8351e+05,-99455,0
12886,3.8349e+05,-99456,0
12887,3.8347e+05,-99457,0
12888,3.8345e+05,-99457,0
12889,3.8343e+05,-99458,0
12890,3.8341e+05,-99459,0
12891,3.8339e+05,-99460,0
12892,3.8337e+05,-99461,0
12893,3.8334e+05,-99461,0
12894,3.8332e+05,-99462,0
12895,3.833e+05,-99463,0
12896,3.8328e+05,-99464,0
12897,3.8326e+05,-99464,0
12898,3.8324e+05,-99465,0
12899,3.8322e+05,-99466,0
12900,3.832e+05,-99466,0
12901,3.8318e+05,-99467,0
12902,3.8315e+05,-99468,0
12903,3.8313e+05,-99468,0
12904,3.8311e+05,-99469,0
12905,3.8309e+05,-99470,0
12906,3.8307e+05,-99470,0
12907,3.8305e+05,-99471,0
12908,3.8303e+05,-99472,0
12909,3.8301e+05,-99472,0
12910,3.8298e+05,-99473,0
12911,3.8296e+05,-99473,0
12912,3.8294e+05,-99474,0
12913,3.8292e+05,-99475,0
12914,3.829e+05,-99475,0
12915,3.8288e+05,-99476,0
12916,3.8286e+05,-99476,0
12917,3.8284e+05,-99477,0
12918,3.8282e+05,-99478,0
12919,3.8279e+05,-99478,0
12920,3.8277e+05,-99479,0
12921,3.8275e+05,-99479,0
12922,3.8273e+05,-99480,0
12923,3.8271e+05,-99480,0
12924,3.8269e+05,-99481,0
12925,3.8267e+05,-99481,0
12926,3.8265e+05,-99482,0
12927,3.8262e+05,-99482,0
12928,3.826e+05,-99483,0
12929,3.8258e+05,-99483,0
12930,3.8256e+05,-99484,0
12931,3.8254e+05,-99484,0
12932,3.8252e+05,-99484,0
12933,3.825e+05,-99485,0
12934,3.8248e+05,-99485,0
12935,3.8246e+05,-99486,0
12936,3.8243e+05,-99486,0
12937,3.8241e+05,-99486,0
12938,3.8239e+05,-99487,0
12939,3.8237e+05,-99487,0
12940,3.8235e+05,-99488,0
12941,3.8233e+05,-99488,0
12942,3.8231e+05,-99488,0
12943,3.8229e+05,-99489,0
12944,3.8227e+05,-99489,0
12945,3.8224e+05,-99489,0
12946,3.8222e+05,-99490,0
12947,3.822e+05,-99490,0
12948,3.8218e+05,-99490,0
12949,3.8216e+05,-99491,0
12950,3.8214e+05,-99491,0
12951,3.8212e+05,-99491,0
12952,3.821e+05,-99491,0
12953,3.8207e+05,-99492,0
12954,3.8205e+05,-99492,0
12955,3.8203e+05,-99492,0
12956,3.8201e+05,-99493,0
12957,3.8199e+05,-99493,0
12958,3.8197e+05,-99493,0
12959,3.8195e+05,-99493,0
12960,3.8193e+05,-99493,0
12961,3.8191e+05,-99494,0
12962,3.8188e+05,-99494,0
12963,3.8186e+05,-99494,0
12964,3.8184e+05,-99494,0
12965,3.8182e+05,-99494,0
12966,3.818e+05,-99494,0
12967,3.8178e+05,-99495,0
12968,3.8176e+05,-99495,0
12969,3.8174e+05,-99495,0
12970,3.8172e+05,-99495,0
12971,3.8169e+05,-99495,0
12972,3.8167e+05,-99495,0
12973,3.8165e+05,-99495,0
12974,3.8163e+05,-99496,0
12975,3.8161e+05,-99496,0
12976,3.8159e+05,-99496,0
12977,3.8157e+05,-99496,0
12978,3.8155e+05,-99496,0
12979,3.8153e+05,-99496,0
12980,3.815e+05,-99496,0
12981,3.8148e+05,-99496,0
12982,3.8146e+05,-99496,0
12983,3.8144e+05,-99496,0
12984,3.8142e+05,-99496,0
12985,3.814e+05,-99496,0
12986,3.8138e+05,-99496,0
12987,3.8136e+05,-99496,0
12988,3.8134e+05,-99496,0
12989,3.8131e+05,-99496,0
12990,3.8129e+05,-99496,0
12991,3.8127e+05,-99496,0
12992,3.8125e+05,-99496,0
12993,3.8123e+05,-99496,0
12994,3.8121e+05,-99496,0
12995,3.8119e+05,-99496,0
12996,3.8117e+05,-99496,0
12997,3.8115e+05,-99496,0
12998,3.8112e+05,-99495,0
12999,3.811e+05,-99495,0
13000,3.8108e+05,-99495,0
13001,3.8106e+05,-99495,0
13002,3.8104e+05,-99495,0
13003,3.8102e+05,-99495,0
13004,3.81e+05,-99495,0
13005,3.8098e+05,-99495,0
13006,3.8096e+05,-99494,0
13007,3.8093e+05,-99494,0
13008,3.8091e+05,-99494,0
13009,3.8089e+05,-99494,0
13010,3.8087e+05,-99494,0
13011,3.8085e+05,-99493,0
13012,3.8083e+05,-99493,0
13013,3.8081e+05,-99493,0
13014,3.8079e+05,-99493,0
13015,3.8077e+05,-99493,0
13016,3.8074e+05,-99492,0
13017,3.8072e+05,-99492,0
13018,3.807e+05,-99492,0
13019,3.8068e+05,-99491,0
13020,3.8066e+05,-99491,0
13021,3.8064e+05,-99491,0
13022,3.8062e+05,-99491,0
13023,3.806e+05,-99490,0
13024,3.8058e+05,-99490,0
13025,3.8055e+05,-99490,0
13026,3.8053e+05,-99489,0
13027,3.8051e+05,-99489,0
13028,3.8049e+05,-99489,0
13029,3.8047e+05,-99488,0
13030,3.8045e+05,-99488,0
13031,3.8043e+05,-99488,0
13032,3.8041e+05,-99487,0
13033,3.8039e+05,-99487,0
13034,3.8036e+05,-99486,0
13035,3.8034e+05,-99486,0
13036,3.8032e+05,-99486,0
13037,3.803e+05,-99485,0
13038,3.8028e+05,-99485,0
13039,3.8026e+05,-99484,0
13040,3.8024e+05,-99484,0
13041,3.8022e+05,-99484,0
13042,3.802e+05,-99483,0
13043,3.8018e+05,-99483,0
13044,3.8015e+05,-99482,0
13045,3.8013e+05,-99482,0
13046,3.8011e+05,-99481,0
13047,3.8009e+05,-99481,0
13048,3.8007e+05,-99480,0
13049,3.8005e+05,-99480,0
13050,3.8003e+05,-99479,0
13051,3.8001e+05,-99479,0
13052,3.7999e+05,-99478,0
13053,3.7996e+05,-99478,0
13054,3.7994e+05,-99477,0
13055,3.7992e+05,-99476,0
13056,3.799e+05,-99476,0
13057,3.7988e+05,-99475,0
13058,3.7986e+05,-99475,0
13059,3.7984e+05,-99474,0
13060,3.7982e+05,-99474,0
13061,3.798e+05,-99473,0
13062,3.7977e+05,-99472,0
13063,3.7975e+05,-99472,0
13064,3.7973e+05,-99471,0
13065,3.7971e+05,-99470,0
13066,3.7969e+05,-99470,0
13067,3.7967e+05,-99469,0
13068,3.7965e+05,-99468,0
13069,3.7963e+05,-99468,0
13070,3.7961e+05,-99467,0
13071,3.7959e+05,-99466,0
13072,3.7956e+05,-99466,0
13073,3.7954e+05,-99465,0
13074,3.7952e+05,-99464,0
13075,3.795e+05,-99464,0
13076,3.7948e+05,-99463,0
13077,3.7946e+05,-99462,0
13078,3.7944e+05,-99461,0
13079,3.7942e+05,-99461,0
13080,3.794e+05,-99460,0
13081,3.7937e+05,-99459,0
13082,3.7935e+05,-99458,0
13083,3.7933e+05,-99457,0
13084,3.7931e+05,-99457,0
13085,3.7929e+05,-99456,0
13086,3.7927e+05,-99455,0
13087,3.7925e+05,-99454,0
13088,3.7923e+05,-99453,0
13089,3.7921e+05,-99453,0
13090,3.7919e+05,-99452,0
13091,3.7916e+05,-99451,0
13092,3.7914e+05,-99450,0
13093,3.7912e+05,-99449,0
13094,3.791e+05,-99448,0
13095,3.7908e+05,-99447,0
13096,3.7906e+05,-99446,0
13097,3.7904e+05,-99446,0
13098,3.7902e+05,-99445,0
13099,3.79e+05,-99444,0
13100,3.7898e+05,-99443,0
13101,3.7895e+05,-99442,0
13102,3.7893e+05,-99441,0
13103,3.7891e+05,-99440,0
13104,3.7889e+05,-99439,0
13105,3.7887e+05,-99438,0
13106,3.7885e+05,-99437,0
13107,3.7883e+05,-99436,0
13108,3.7881e+05,-99435,0
13109,3.7879e+05,-99434,0
13110,3.7877e+05,-99433,0
13111,3.7874e+05,-99432,0
13112,3.7872e+05,-99431,0
13113,3.787e+05,-99430,0
13114,3.7868e+05,-99429,0
13115,3.7866e+05,-99428,0
13116,3.7864e+05,-99427,0
13117,3.7862e+05,-99426,0
13118,3.786e+05,-99425,0
13119,3.7858e+05,-99424,0
13120,3.7855e+05,-99423,0
13121,3.7853e+05,-99421,0
13122,3.7851e+05,-99420,0
13123,3.7849e+05,-99419,0
13124,3.7847e+05,-99418,0
13125,3.7845e+05,-99417,0
13126,3.7843e+05,-99416,0
13127,3.7841e+05,-99415,0
13128,3.7839e+05,-99414,0
13129,3.7837e+05,-99412,0
13130,3.7834e+05,-99411,0
13131,3.7832e+05,-99410,0
13132,3.783e+05,-99409,0
13133,3.7828e+05,-99408,0
13134,3.7826e+05,-99406,0
13135,3.7824e+05,-99405,0
13136,3.7822e+05,-99404,0
13137,3.782e+05,-99403,0
13138,3.7818e+05,-99402,0
13139,3.7816e+05,-99400,0
13140,3.7813e+05,-99399,0
13141,3.7811e+05,-99398,0
13142,3.7809e+05,-99397,0
13143,3.7807e+05,-99395,0
13144,3.7805e+05,-99394,0
13145,3.7803e+05,-99393,0
13146,3.7801e+05,-99391,0
13147,3.7799e+05,-99390,0
13148,3.7797e+05,-99389,0
13149,3.7795e+05,-99387,0
13150,3.7793e+05,-99386,0
13151,3.779e+05,-99385,0
13152,3.7788e+05,-99383,0
13153,3.7786e+05,-99382,0
13154,3.7784e+05,-99381,0
13155,3.7782e+05,-99379,0
13156,3.778e+05,-99378,0
13157,3.7778e+05,-99377,0
13158,3.7776e+05,-99375,0
13159,3.7774e+05,-99374,0
13160,3.7772e+05,-99372,0
13161,3.7769e+05,-99371,0
13162,3.7767e+05,-99370,0
13163,3.7765e+05,-99368,0
13164,3.7763e+05,-99367,0
13165,3.7761e+05,-99365,0
13166,3.7759e+05,-99364,0
13167,3.7757e+05,-99362,0
13168,3.7755e+05,-99361,0
13169,3.7753e+05,-99359,0
13170,3.7751e+05,-99358,0
13171,3.7748e+05,-99356,0
13172,3.7746e+05,-99355,0
13173,3.7744e+05,-99353,0
13174,3.7742e+05,-99352,0
13175,3.774e+05,-99350,0
13176,3.7738e+05,-99349,0
13177,3.7736e+05,-99347,0
13178,3.7734e+05,-99346,0
13179,3.7732e+05,-99344,0
13180,3.773e+05,-99342,0
13181,3.7728e+05,-99341,0
13182,3.7725e+05,-99339,0
13183,3.7723e+05,-99338,0
13184,3.7721e+05,-99336,0
13185,3.7719e+05,-99334,0
13186,3.7717e+05,-99333,0
13187,3.7715e+05,-99331,0
13188,3.7713e+05,-99329,0
13189,3.7711e+05,-99328,0
13190,3.7709e+05,-99326,0
13191,3.7707e+05,-99324,0
13192,3.7704e+05,-99323,0
13193,3.7702e+05,-99321,0
13194,3.77e+05,-99319,0
13195,3.7698e+05,-99318,0
13196,3.7696e+05,-99316,0
13197,3.7694e+05,-99314,0
13198,3.7692e+05,-99313,0
13199,3.769e+05,-99311,0
13200,3.7688e+05,-99309,0
13201,3.7686e+05,-99307,0
13202,3.7684e+05,-99306,0
13203,3.7681e+05,-99304,0
13204,3.7679e+05,-99302,0
13205,3.7677e+05,-99300,0
13206,3.7675e+05,-99299,0
13207,3.7673e+05,-99297,0
13208,3.7671e+05,-99295,0
13209,3.7669e+05,-99293,0
13210,3.7667e+05,-99291,0
13211,3.7665e+05,-99289,0
13212,3.7663e+05,-99288,0
13213,3.7661e+05,-99286,0
13214,3.7658e+05,-99284,0
13215,3.7656e+05,-99282,0
13216,3.7654e+05,-99280,0
13217,3.7652e+05,-99278,0
13218,3.765e+05,-99276,0
13219,3.7648e+05,-99275,0
13220,3.7646e+05,-99273,0
13221,3.7644e+05,-99271,0
13222,3.7642e+05,-99269,0
13223,3.764e+05,-99267,0
13224,3.7638e+05,-99265,0
13225,3.7635e+05,-99263,0
13226,3.7633e+05,-99261,0
13227,3.7631e+05,-99259,0
13228,3.7629e+05,-99257,0
13229,3.7627e+05,-99255,0
13230,3.7625e+05,-99253,0
13231,3.7623e+05,-99251,0
13232,3.7621e+05,-99249,0
13233,3.7619e+05,-99247,0
13234,3.7617e+05,-99245,0
13235,3.7615e+05,-99243,0
13236,3.7612e+05,-99241,0
13237,3.761e+05,-99239,0
13238,3.7608e+05,-99237,0
13239,3.7606e+05,-99235,0
13240,3.7604e+05,-99233,0
13241,3.7602e+05,-99231,0
13242,3.76e+05,-99229,0
13243,3.7598e+05,-99227,0
13244,3.7596e+05,-99225,0
13245,3.7594e+05,-99222,0
13246,3.7592e+05,-99220,0
13247,3.7589e+05,-99218,0
13248,3.7587e+05,-99216,0
13249,3.7585e+05,-99214,0
13250,3.7583e+05,-99212,0
13251,3.7581e+05,-99210,0
13252,3.7579e+05,-99207,0
13253,3.7577e+05,-99205,0
13254,3.7575e+05,-99203,0
13255,3.7573e+05,-99201,0
13256,3.7571e+05,-99199,0
13257,3.7569e+05,-99197,0
13258,3.7567e+05,-99194,0
13259,3.7564e+05,-99192,0
13260,3.7562e+05,-99190,0
13261,3.756e+05,-99188,0
13262,3.7558e+05,-99185,0
13263,3.7556e+05,-99183,0
13264,3.7554e+05,-99181,0
13265,3.7552e+05,-99179,0
13266,3.755e+05,-99176,0
13267,3.7548e+05,-99174,0
13268,3.7546e+05,-99172,0
13269,3.7544e+05,-99169,0
13270,3.7542e+05,-99167,0
13271,3.7539e+05,-99165,0
13272,3.7537e+05,-99163,0
13273,3.7535e+05,-99160,0
13274,3.7533e+05,-99158,0
13275,3.7531e+05,-99155,0
13276,3.7529e+05,-99153,0
13277,3.7527e+05,-99151,0
13278,3.7525e+05,-99148,0
13279,3.7523e+05,-99146,0
13280,3.7521e+05,-99144,0
13281,3.7519e+05,-99141,0
13282,3.7516e+05,-99139,0
13283,3.7514e+05,-99136,0
13284,3.7512e+05,-99134,0
13285,3.751e+05,-99132,0
13286,3.7508e+05,-99129,0
13287,3.7506e+05,-99127,0
13288,3.7504e+05,-99124,0
13289,3.7502e+05,-99122,0
13290,3.75e+05,-99119,0
13291,3.7498e+05,-99117,0
13292,3.7496e+05,-99114,0
13293,3.7494e+05,-99112,0
13294,3.7491e+05,-99109,0
13295,3.7489e+05,-99107,0
13296,3.7487e+05,-99104,0
13297,3.7485e+05,-99102,0
13298,3.7483e+05,-99099,0
13299,3.7481e+05,-99097,0
13300,3.7479e+05,-99094,0
13301,3.7477e+05,-99092,0
13302,3.7475e+05,-99089,0
13303,3.7473e+05,-99086,0
13304,3.7471e+05,-99084,0
13305,3.7469e+05,-99081,0
13306,3.7467e+05,-99079,0
13307,3.7464e+05,-99076,0
13308,3.7462e+05,-99073,0
13309,3.746e+05,-99071,0
13310,3.7458e+05,-99068,0
13311,3.7456e+05,-99065,0
13312,3.7454e+05,-99063,0
13313,3.7452e+05,-99060,0
13314,3.745e+05,-99058,0
13315,3.7448e+05,-99055,0
13316,3.7446e+05,-99052,0
13317,3.7444e+05,-99049,0
13318,3.7442e+05,-99047,0
13319,3.7439e+05,-99044,0
13320,3.7437e+05,-99041,0
13321,3.7435e+05,-99039,0
13322,3.7433e+05,-99036,0
13323,3.7431e+05,-99033,0
13324,3.7429e+05,-99030,0
13325,3.7427e+05,-99028,0
13326,3.7425e+05,-99025,0
13327,3.7423e+05,-99022,0
13328,3.7421e+05,-99019,0
13329,3.7419e+05,-99017,0
13330,3.7417e+05,-99014,0
13331,3.7415e+05,-99011,0
13332,3.7412e+05,-99008,0
13333,3.741e+05,-99005,0
13334,3.7408e+05,-99002,0
13335,3.7406e+05,-99000,0
13336,3.7404e+05,-98997,0
13337,3.7402e+05,-98994,0
13338,3.74e+05,-98991,0
13339,3.7398e+05,-98988,0
13340,3.7396e+05,-98985,0
13341,3.7394e+05,-98982,0
13342,3.7392e+05,-98980,0
13343,3.739e+05,-98977,0
13344,3.7388e+05,-98974,0
13345,3.7385e+05,-98971,0
13346,3.7383e+05,-98968,0
13347,3.7381e+05,-98965,0
13348,3.7379e+05,-98962,0
13349,3.7377e+05,-98959,0
13350,3.7375e+05,-98956,0
13351,3.7373e+05,-98953,0
13352,3.7371e+05,-98950,0
13353,3.7369e+05,-98947,0
13354,3.7367e+05,-98944,0
13355,3.7365e+05,-98941,0
13356,3.7363e+05,-98938,0
13357,3.7361e+05,-98935,0
13358,3.7358e+05,-98932,0
13359,3.7356e+05,-98929,0
13360,3.7354e+05,-98926,0
13361,3.7352e+05,-98923,0
13362,3.735e+05,-98920,0
13363,3.7348e+05,-98917,0
13364,3.7346e+05,-98914,0
13365,3.7344e+05,-98911,0
13366,3.7342e+05,-98908,0
13367,3.734e+05,-98905,0
13368,3.7338e+05,-98901,0
13369,3.7336e+05,-98898,0
13370,3.7334e+05,-98895,0
13371,3.7332e+05,-98892,0
13372,3.7329e+05,-98889,0
13373,3.7327e+05,-98886,0
13374,3.7325e+05,-98883,0
13375,3.7323e+05,-98879,0
13376,3.7321e+05,-98876,0
13377,3.7319e+05,-98873,0
13378,3.7317e+05,-98870,0
13379,3.7315e+05,-98867,0
13380,3.7313e+05,-98864,0
13381,3.7311e+05,-98860,0
13382,3.7309e+05,-98857,0
13383,3.7307e+05,-98854,0
13384,3.7305e+05,-98851,0
13385,3.7303e+05,-98847,0
13386,3.73e+05,-98844,0
13387,3.7298e+05,-98841,0
13388,3.7296e+05,-98838,0
13389,3.7294e+05,-98834,0
13390,3.7292e+05,-98831,0
13391,3.729e+05,-98828,0
13392,3.7288e+05,-98824,0
13393,3.7286e+05,-98821,0
13394,3.7284e+05,-98818,0
13395,3.7282e+05,-98815,0
13396,3.728e+05,-98811,0
13397,3.7278e+05,-98808,0
13398,3.7276e+05,-98804,0
13399,3.7274e+05,-98801,0
13400,3.7271e+05,-98798,0
13401,3.7269e+05,-98794,0
13402,3.7267e+05,-98791,0
13403,3.7265e+05,-98788,0
13404,3.7263e+05,-98784,0
13405,3.7261e+05,-98781,0
13406,3.7259e+05,-98777,0
13407,3.7257e+05,-98774,0
13408,3.7255e+05,-98771,0
13409,3.7253e+05,-98767,0
13410,3.7251e+05,-98764,0
13411,3.7249e+05,-98760,0
13412,3.7247e+05,-98757,0
13413,3.7245e+05,-98753,0
13414,3.7242e+05,-98750,0
13415,3.724e+05,-98746,0
13416,3.7238e+05,-98743,0
13417,3.7236e+05,-98739,0
13418,3.7234e+05,-98736,0
13419,3.7232e+05,-98732,0
13420,3.723e+05,-98729,0
13421,3.7228e+05,-98725,0
13422,3.7226e+05,-98722,0
13423,3.7224e+05,-98718,0
13424,3.7222e+05,-98715,0
13425,3.722e+05,-98711,0
13426,3.7218e+05,-98707,0
13427,3.7216e+05,-98704,0
13428,3.7214e+05,-98700,0
13429,3.7212e+05,-98697,0
13430,3.7209e+05,-98693,0
13431,3.7207e+05,-98689,0
13432,3.7205e+05,-98686,0
13433,3.7203e+05,-98682,0
13434,3.7201e+05,-98678,0
13435,3.7199e+05,-98675,0
13436,3.7197e+05,-98671,0
13437,3.7195e+05,-98668,0
13438,3.7193e+05,-98664,0
13439,3.7191e+05,-98660,0
13440,3.7189e+05,-98656,0
13441,3.7187e+05,-98653,0
13442,3.7185e+05,-98649,0
13443,3.7183e+05,-98645,0
13444,3.7181e+05,-98642,0
13445,3.7178e+05,-98638,0
13446,3.7176e+05,-98634,0
13447,3.7174e+05,-98630,0
13448,3.7172e+05,-98627,0
13449,3.717e+05,-98623,0
13450,3.7168e+05,-98619,0
13451,3.7166e+05,-98615,0
13452,3.7164e+05,-98612,0
13453,3.7162e+05,-98608,0
13454,3.716e+05,-98604,0
13455,3.7158e+05,-98600,0
13456,3.7156e+05,-98596,0
13457,3.7154e+05,-98592,0
13458,3.7152e+05,-98589,0
13459,3.715e+05,-98585,0
13460,3.7148e+05,-98581,0
13461,3.7145e+05,-98577,0
13462,3.7143e+05,-98573,0
13463,3.7141e+05,-98569,0
13464,3.7139e+05,-98565,0
13465,3.7137e+05,-98562,0
13466,3.7135e+05,-98558,0
13467,3.7133e+05,-98554,0
13468,3.7131e+05,-98550,0
13469,3.7129e+05,-98546,0
13470,3.7127e+05,-98542,0
13471,3.7125e+05,-98538,0
13472,3.7123e+05,-98534,0
13473,3.7121e+05,-98530,0
13474,3.7119e+05,-98526,0
13475,3.7117e+05,-98522,0
13476,3.7115e+05,-98518,0
13477,3.7113e+05,-98514,0
13478,3.711e+05,-98510,0
13479,3.7108e+05,-98506,0
13480,3.7106e+05,-98502,0
13481,3.7104e+05,-98498,0
13482,3.7102e+05,-98494,0
13483,3.71e+05,-98490,0
13484,3.7098e+05,-98486,0
13485,3.7096e+05,-98482,0
13486,3.7094e+05,-98478,0
13487,3.7092e+05,-98474,0
13488,3.709e+05,-98470,0
13489,3.7088e+05,-98466,0
13490,3.7086e+05,-98462,0
13491,3.7084e+05,-98457,0
13492,3.7082e+05,-98453,0
13493,3.708e+05,-98449,0
13494,3.7078e+05,-98445,0
13495,3.7076e+05,-98441,0
13496,3.7073e+05,-98437,0
13497,3.7071e+05,-98433,0
13498,3.7069e+05,-98428,0
13499,3.7067e+05,-98424,0
13500,3.7065e+05,-98420,0
13501,3.7063e+05,-98416,0
13502,3.7061e+05,-98412,0
13503,3.7059e+05,-98408,0
13504,3.7057e+05,-98403,0
13505,3.7055e+05,-98399,0
13506,3.7053e+05,-98395,0
13507,3.7051e+05,-98391,0
13508,3.7049e+05,-98386,0
13509,3.7047e+05,-98382,0
13510,3.7045e+05,-98378,0
13511,3.7043e+05,-98374,0
13512,3.7041e+05,-98369,0
13513,3.7039e+05,-98365,0
13514,3.7036e+05,-98361,0
13515,3.7034e+05,-98356,0
13516,3.7032e+05,-98352,0
13517,3.703e+05,-98348,0
13518,3.7028e+05,-98344,0
13519,3.7026e+05,-98339,0
13520,3.7024e+05,-98335,0
13521,3.7022e+05,-98330,0
13522,3.702e+05,-98326,0
13523,3.7018e+05,-98322,0
13524,3.7016e+05,-98317,0
13525,3.7014e+05,-98313,0
13526,3.7012e+05,-98309,0
13527,3.701e+05,-98304,0
13528,3.7008e+05,-98300,0
13529,3.7006e+05,-98295,0
13530,3.7004e+05,-98291,0
13531,3.7002e+05,-98287,0
13532,3.7e+05,-98282,0
13533,3.6998e+05,-98278,0
13534,3.6995e+05,-98273,0
13535,3.6993e+05,-98269,0
13536,3.6991e+05,-98264,0
13537,3.6989e+05,-98260,0
13538,3.6987e+05,-98255,0
13539,3.6985e+05,-98251,0
13540,3.6983e+05,-98246,0
13541,3.6981e+05,-98242,0
13542,3.6979e+05,-98237,0
13543,3.6977e+05,-98233,0
13544,3.6975e+05,-98228,0
13545,3.6973e+05,-98224,0
13546,3.6971e+05,-98219,0
13547,3.6969e+05,-98215,0
13548,3.6967e+05,-98210,0
13549,3.6965e+05,-98205,0
13550,3.6963e+05,-98201,0
13551,3.6961e+05,-98196,0
13552,3.6959e+05,-98192,0
13553,3.6957e+05,-98187,0
13554,3.6954e+05,-98182,0
13555,3.6952e+05,-98178,0
13556,3.695e+05,-98173,0
13557,3.6948e+05,-98168,0
13558,3.6946e+05,-98164,0
13559,3.6944e+05,-98159,0
13560,3.6942e+05,-98155,0
13561,3.694e+05,-98150,0
13562,3.6938e+05,-98145,0
13563,3.6936e+05,-98140,0
13564,3.6934e+05,-98136,0
13565,3.6932e+05,-98131,0
13566,3.693e+05,-98126,0
13567,3.6928e+05,-98122,0
13568,3.6926e+05,-98117,0
13569,3.6924e+05,-98112,0
13570,3.6922e+05,-98107,0
13571,3.692e+05,-98103,0
13572,3.6918e+05,-98098,0
13573,3.6916e+05,-98093,0
13574,3.6914e+05,-98088,0
13575,3.6912e+05,-98084,0
13576,3.6909e+05,-98079,0
13577,3.6907e+05,-98074,0
13578,3.6905e+05,-98069,0
13579,3.6903e+05,-98064,0
13580,3.6901e+05,-98059,0
13581,3.6899e+05,-98055,0
13582,3.6897e+05,-98050,0
13583,3.6895e+05,-98045,0
13584,3.6893e+05,-98040,0
13585,3.6891e+05,-98035,0
13586,3.6889e+05,-98030,0
13587,3.6887e+05,-98025,0
13588,3.6885e+05,-98021,0
13589,3.6883e+05,-98016,0
13590,3.6881e+05,-98011,0
13591,3.6879e+05,-98006,0
13592,3.6877e+05,-98001,0
13593,3.6875e+05,-97996,0
13594,3.6873e+05,-97991,0
13595,3.6871e+05,-97986,0
13596,3.6869e+05,-97981,0
13597,3.6867e+05,-97976,0
13598,3.6865e+05,-97971,0
13599,3.6863e+05,-97966,0
13600,3.6861e+05,-97961,0
13601,3.6858e+05,-97956,0
13602,3.6856e+05,-97951,0
13603,3.6854e+05,-97946,0
13604,3.6852e+05,-97941,0
13605,3.685e+05,-97936,0
13606,3.6848e+05,-97931,0
13607,3.6846e+05,-97926,0
13608,3.6844e+05,-97921,0
13609,3.6842e+05,-97916,0
13610,3.684e+05,-97911,0
13611,3.6838e+05,-97906,0
13612,3.6836e+05,-97901,0
13613,3.6834e+05,-97896,0
13614,3.6832e+05,-97890,0
13615,3.683e+05,-97885,0
13616,3.6828e+05,-97880,0
13617,3.6826e+05,-97875,0
13618,3.6824e+05,-97870,0
13619,3.6822e+05,-97865,0
13620,3.682e+05,-97860,0
13621,3.6818e+05,-97855,0
13622,3.6816e+05,-97849,0
13623,3.6814e+05,-97844,0
13624,3.6812e+05,-97839,0
13625,3.681e+05,-97834,0
13626,3.6808e+05,-97829,0
13627,3.6805e+05,-97823,0
13628,3.6803e+05,-97818,0
13629,3.6801e+05,-97813,0
13630,3.6799e+05,-97808,0
13631,3.6797e+05,-97802,0
13632,3.6795e+05,-97797,0
13633,3.6793e+05,-97792,0
13634,3.6791e+05,-97787,0
13635,3.6789e+05,-97781,0
13636,3.6787e+05,-97776,0
13637,3.6785e+05,-97771,0
13638,3.6783e+05,-97766,0
13639,3.6781e+05,-97760,0
13640,3.6779e+05,-97755,0
13641,3.6777e+05,-97750,0
13642,3.6775e+05,-97744,0
13643,3.6773e+05,-97739,0
13644,3.6771e+05,-97734,0
13645,3.6769e+05,-97728,0
13646,3.6767e+05,-97723,0
13647,3.6765e+05,-97717,0
13648,3.6763e+05,-97712,0
13649,3.6761e+05,-97707,0
13650,3.6759e+05,-97701,0
13651,3.6757e+05,-97696,0
13652,3.6755e+05,-97690,0
13653,3.6753e+05,-97685,0
13654,3.6751e+05,-97680,0
13655,3.6749e+05,-97674,0
13656,3.6747e+05,-97669,0
13657,3.6745e+05,-97663,0
13658,3.6742e+05,-97658,0
13659,3.674e+05,-97652,0
13660,3.6738e+05,-97647,0
13661,3.6736e+05,-97641,0
13662,3.6734e+05,-97636,0
13663,3.6732e+05,-97630,0
13664,3.673e+05,-97625,0
13665,3.6728e+05,-97619,0
13666,3.6726e+05,-97614,0
13667,3.6724e+05,-97608,0
13668,3.6722e+05,-97603,0
13669,3.672e+05,-97597,0
13670,3.6718e+05,-97592,0
13671,3.6716e+05,-97586,0
13672,3.6714e+05,-97581,0
13673,3.6712e+05,-97575,0
13674,3.671e+05,-97569,0
13675,3.6708e+05,-97564,0
13676,3.6706e+05,-97558,0
13677,3.6704e+05,-97553,0
13678,3.6702e+05,-97547,0
13679,3.67e+05,-97541,0
13680,3.6698e+05,-97536,0
13681,3.6696e+05,-97530,0
13682,3.6694e+05,-97524,0
13683,3.6692e+05,-97519,0
13684,3.669e+05,-97513,0
13685,3.6688e+05,-97507,0
13686,3.6686e+05,-97502,0
13687,3.6684e+05,-97496,0
13688,3.6682e+05,-97490,0
13689,3.668e+05,-97485,0
13690,3.6678e+05,-97479,0
13691,3.6676e+05,-97473,0
13692,3.6674e+05,-97467,0
13693,3.6672e+05,-97462,0
13694,3.667e+05,-97456,0
13695,3.6668e+05,-97450,0
13696,3.6665e+05,-97444,0
13697,3.6663e+05,-97439,0
13698,3.6661e+05,-97433,0
13699,3.6659e+05,-97427,0
13700,3.6657e+05,-97421,0
13701,3.6655e+05,-97415,0
13702,3.6653e+05,-97410,0
13703,3.6651e+05,-97404,0
13704,3.6649e+05,-97398,0
13705,3.6647e+05,-97392,0
13706,3.6645e+05,-97386,0
13707,3.6643e+05,-97380,0
13708,3.6641e+05,-97374,0
13709,3.6639e+05,-97369,0
13710,3.6637e+05,-97363,0
13711,3.6635e+05,-97357,0
13712,3.6633e+05,-97351,0
13713,3.6631e+05,-97345,0
13714,3.6629e+05,-97339,0
13715,3.6627e+05,-97333,0
13716,3.6625e+05,-97327,0
13717,3.6623e+05,-97321,0
13718,3.6621e+05,-97315,0
13719,3.6619e+05,-97309,0
13720,3.6617e+05,-97303,0
13721,3.6615e+05,-97297,0
13722,3.6613e+05,-97291,0
13723,3.6611e+05,-97285,0
13724,3.6609e+05,-97279,0
13725,3.6607e+05,-97273,0
13726,3.6605e+05,-97267,0
13727,3.6603e+05,-97261,0
13728,3.6601e+05,-97255,0
13729,3.6599e+05,-97249,0
13730,3.6597e+05,-97243,0
13731,3.6595e+05,-97237,0
13732,3.6593e+05,-97231,0
13733,3.6591e+05,-97225,0
13734,3.6589e+05,-97219,0
13735,3.6587e+05,-97213,0
13736,3.6585e+05,-97207,0
13737,3.6583e+05,-97201,0
13738,3.6581e+05,-97195,0
13739,3.6579e+05,-97189,0
13740,3.6577e+05,-97182,0
13741,3.6575e+05,-97176,0
13742,3.6573e+05,-97170,0
13743,3.6571e+05,-97164,0
13744,3.6569e+05,-97158,0
13745,3.6567e+05,-97152,0
13746,3.6565e+05,-97145,0
13747,3.6563e+05,-97139,0
13748,3.6561e+05,-97133,0
13749,3.6558e+05,-97127,0
13750,3.6556e+05,-97121,0
13751,3.6554e+05,-97115,0
13752,3.6552e+05,-97108,0
13753,3.655e+05,-97102,0
13754,3.6548e+05,-97096,0
13755,3.6546e+05,-97090,0
13756,3.6544e+05,-97083,0
13757,3.6542e+05,-97077,0
13758,3.654e+05,-97071,0
13759,3.6538e+05,-97064,0
13760,3.6536e+05,-97058,0
13761,3.6534e+05,-97052,0
13762,3.6532e+05,-97046,0
13763,3.653e+05,-97039,0
13764,3.6528e+05,-97033,0
13765,3.6526e+05,-97027,0
13766,3.6524e+05,-97020,0
13767,3.6522e+05,-97014,0
13768,3.652e+05,-97008,0
13769,3.6518e+05,-97001,0
13770,3.6516e+05,-96995,0
13771,3.6514e+05,-96988,0
13772,3.6512e+05,-96982,0
13773,3.651e+05,-96976,0
13774,3.6508e+05,-96969,0
13775,3.6506e+05,-96963,0
13776,3.6504e+05,-96956,0
13777,3.6502e+05,-96950,0
13778,3.65e+05,-96944,0
13779,3.6498e+05,-96937,0
13780,3.6496e+05,-96931,0
13781,3.6494e+05,-96924,0
13782,3.6492e+05,-96918,0
13783,3.649e+05,-96911,0
13784,3.6488e+05,-96905,0
13785,3.6486e+05,-96898,0
13786,3.6484e+05,-96892,0
13787,3.6482e+05,-96885,0
13788,3.648e+05,-96879,0
13789,3.6478e+05,-96872,0
13790,3.6476e+05,-96866,0
13791,3.6474e+05,-96859,0
13792,3.6472e+05,-96853,0
13793,3.647e+05,-96846,0
13794,3.6468e+05,-96840,0
13795,3.6466e+05,-96833,0
13796,3.6464e+05,-96826,0
13797,3.6462e+05,-96820,0
13798,3.646e+05,-96813,0
13799,3.6458e+05,-96807,0
13800,3.6456e+05,-96800,0
13801,3.6454e+05,-96793,0
13802,3.6452e+05,-96787,0
13803,3.645e+05,-96780,0
13804,3.6448e+05,-96774,0
13805,3.6446e+05,-96767,0
13806,3.6444e+05,-96760,0
13807,3.6442e+05,-96754,0
13808,3.644e+05,-96747,0
13809,3.6438e+05,-96740,0
13810,3.6436e+05,-96733,0
13811,3.6434e+05,-96727,0
13812,3.6432e+05,-96720,0
13813,3.643e+05,-96713,0
13814,3.6428e+05,-96707,0
13815,3.6426e+05,-96700,0
13816,3.6424e+05,-96693,0
13817,3.6422e+05,-96686,0
13818,3.642e+05,-96680,0
13819,3.6418e+05,-96673,0
13820,3.6416e+05,-96666,0
13821,3.6414e+05,-96659,0
13822,3.6412e+05,-96653,0
13823,3.641e+05,-96646,0
13824,3.6408e+05,-96639,0
13825,3.6406e+05,-96632,0
13826,3.6404e+05,-96625,0
13827,3.6402e+05,-96618,0
13828,3.64e+05,-96612,0
13829,3.6398e+05,-96605,0
13830,3.6396e+05,-96598,0
13831,3.6394e+05,-96591,0
13832,3.6392e+05,-96584,0
13833,3.639e+05,-96577,0
13834,3.6388e+05,-96570,0
13835,3.6386e+05,-96564,0
13836,3.6384e+05,-96557,0
13837,3.6382e+05,-96550,0
13838,3.638e+05,-96543,0
13839,3.6378e+05,-96536,0
13840,3.6376e+05,-96529,0
13841,3.6374e+05,-96522,0
13842,3.6372e+05,-96515,0
13843,3.637e+05,-96508,0
13844,3.6368e+05,-96501,0
13845,3.6366e+05,-96494,0
13846,3.6364e+05,-96487,0
13847,3.6362e+05,-96480,0
13848,3.636e+05,-96473,0
13849,3.6358e+05,-96466,0
13850,3.6356e+05,-96459,0
13851,3.6354e+05,-96452,0
13852,3.6352e+05,-96445,0
13853,3.635e+05,-96438,0
13854,3.6348e+05,-96431,0
13855,3.6346e+05,-96424,0
13856,3.6344e+05,-96417,0
13857,3.6342e+05,-96410,0
13858,3.634e+05,-96403,0
13859,3.6338e+05,-96396,0
13860,3.6336e+05,-96389,0
13861,3.6334e+05,-96381,0
13862,3.6332e+05,-96374,0
13863,3.633e+05,-96367,0
13864,3.6328e+05,-96360,0
13865,3.6326e+05,-96353,0
13866,3.6324e+05,-96346,0
13867,3.6322e+05,-96339,0
13868,3.632e+05,-96331,0
13869,3.6318e+05,-96324,0
13870,3.6316e+05,-96317,0
13871,3.6314e+05,-96310,0
13872,3.6312e+05,-96303,0
13873,3.631e+05,-96296,0
13874,3.6308e+05,-96288,0
13875,3.6306e+05,-96281,0
13876,3.6304e+05,-96274,0
13877,3.6302e+05,-96267,0
13878,3.63e+05,-96259,0
13879,3.6298e+05,-96252,0
13880,3.6296e+05,-96245,0
13881,3.6294e+05,-96238,0
13882,3.6292e+05,-96230,0
13883,3.629e+05,-96223,0
13884,3.6288e+05,-96216,0
13885,3.6286e+05,-96209,0
13886,3.6284e+05,-96201,0
13887,3.6282e+05,-96194,0
13888,3.628e+05,-96187,0
13889,3.6278e+05,-96179,0
13890,3.6276e+05,-96172,0
13891,3.6274e+05,-96165,0
13892,3.6272e+05,-96157,0
13893,3.627e+05,-96150,0
13894,3.6268e+05,-96142,0
13895,3.6267e+05,-96135,0
13896,3.6265e+05,-96128,0
13897,3.6263e+05,-96120,0
13898,3.6261e+05,-96113,0
13899,3.6259e+05,-96105,0
13900,3.6257e+05,-96098,0
13901,3.6255e+05,-96091,0
13902,3.6253e+05,-96083,0
13903,3.6251e+05,-96076,0
13904,3.6249e+05,-96068,0
13905,3.6247e+05,-96061,0
13906,3.6245e+05,-96053,0
13907,3.6243e+05,-96046,0
13908,3.6241e+05,-96038,0
13909,3.6239e+05,-96031,0
13910,3.6237e+05,-96023,0
13911,3.6235e+05,-96016,0
13912,3.6233e+05,-96008,0
13913,3.6231e+05,-96001,0
13914,3.6229e+05,-95993,0
13915,3.6227e+05,-95986,0
13916,3.6225e+05,-95978,0
13917,3.6223e+05,-95971,0
13918,3.6221e+05,-95963,0
13919,3.6219e+05,-95956,0
13920,3.6217e+05,-95948,0
13921,3.6215e+05,-95940,0
13922,3.6213e+05,-95933,0
13923,3.6211e+05,-95925,0
13924,3.6209e+05,-95918,0
13925,3.6207e+05,-95910,0
13926,3.6205e+05,-95902,0
13927,3.6203e+05,-95895,0
13928,3.6201e+05,-95887,0
13929,3.6199e+05,-95879,0
13930,3.6197e+05,-95872,0
13931,3.6195e+05,-95864,0
13932,3.6193e+05,-95856,0
13933,3.6191e+05,-95849,0
13934,3.6189e+05,-95841,0
13935,3.6187e+05,-95833,0
13936,3.6185e+05,-95826,0
13937,3.6183e+05,-95818,0
13938,3.6181e+05,-95810,0
13939,3.6179e+05,-95802,0
13940,3.6177e+05,-95795,0
13941,3.6175e+05,-95787,0
13942,3.6173e+05,-95779,0
13943,3.6171e+05,-95771,0
13944,3.6169e+05,-95764,0
13945,3.6167e+05,-95756,0
13946,3.6166e+05,-95748,0
13947,3.6164e+05,-95740,0
13948,3.6162e+05,-95732,0
13949,3.616e+05,-95725,0
13950,3.6158e+05,-95717,0
13951,3.6156e+05,-95709,0
13952,3.6154e+05,-95701,0
13953,3.6152e+05,-95693,0
13954,3.615e+05,-95685,0
13955,3.6148e+05,-95678,0
13956,3.6146e+05,-95670,0
13957,3.6144e+05,-95662,0
13958,3.6142e+05,-95654,0
13959,3.614e+05,-95646,0
13960,3.6138e+05,-95638,0
13961,3.6136e+05,-95630,0
13962,3.6134e+05,-95622,0
13963,3.6132e+05,-95614,0
13964,3.613e+05,-95606,0
13965,3.6128e+05,-95599,0
13966,3.6126e+05,-95591,0
13967,3.6124e+05,-95583,0
13968,3.6122e+05,-95575,0
13969,3.612e+05,-95567,0
13970,3.6118e+05,-95559,0
13971,3.6116e+05,-95551,0
13972,3.6114e+05,-95543,0
13973,3.6112e+05,-95535,0
13974,3.611e+05,-95527,0
13975,3.6108e+05,-95519,0
13976,3.6106e+05,-95511,0
13977,3.6104e+05,-95503,0
13978,3.6102e+05,-95495,0
13979,3.61e+05,-95486,0
13980,3.6098e+05,-95478,0
13981,3.6097e+05,-95470,0
13982,3.6095e+05,-95462,0
13983,3.6093e+05,-95454,0
13984,3.6091e+05,-95446,0
13985,3.6089e+05,-95438,0
13986,3.6087e+05,-95430,0
13987,3.6085e+05,-95422,0
13988,3.6083e+05,-95414,0
13989,3.6081e+05,-95405,0
13990,3.6079e+05,-95397,0
13991,3.6077e+05,-95389,0
13992,3.6075e+05,-95381,0
13993,3.6073e+05,-95373,0
13994,3.6071e+05,-95365,0
13995,3.6069e+05,-95356,0
13996,3.6067e+05,-95348,0
13997,3.6065e+05,-95340,0
13998,3.6063e+05,-95332,0
13999,3.6061e+05,-95324,0
14000,3.6059e+05,-95315,0
14001,3.6057e+05,-95307,0
14002,3.6055e+05,-95299,0
14003,3.6053e+05,-95291,0
14004,3.6051e+05,-95282,0
14005,3.6049e+05,-95274,0
14006,3.6047e+05,-95266,0
14007,3.6045e+05,-95258,0
14008,3.6043e+05,-95249,0
14009,3.6042e+05,-95241,0
14010,3.604e+05,-95233,0
14011,3.6038e+05,-95224,0
14012,3.6036e+05,-95216,0
14013,3.6034e+05,-95208,0
14014,3.6032e+05,-95199,0
14015,3.603e+05,-95191,0
14016,3.6028e+05,-95183,0
14017,3.6026e+05,-95174,0
14018,3.6024e+05,-95166,0
14019,3.6022e+05,-95158,0
14020,3.602e+05,-95149,0
14021,3.6018e+05,-95141,0
14022,3.6016e+05,-95132,0
14023,3.6014e+05,-95124,0
14024,3.6012e+05,-95116,0
14025,3.601e+05,-95107,0
14026,3.6008e+05,-95099,0
14027,3.6006e+05,-95090,0
14028,3.6004e+05,-95082,0
14029,3.6002e+05,-95073,0
14030,3.6e+05,-95065,0
14031,3.5998e+05,-95056,0
14032,3.5996e+05,-95048,0
14033,3.5994e+05,-95039,0
14034,3.5993e+05,-95031,0
14035,3.5991e+05,-95022,0
14036,3.5989e+05,-95014,0
14037,3.5987e+05,-95005,0
14038,3.5985e+05,-94997,0
14039,3.5983e+05,-94988,0
14040,3.5981e+05,-94980,0
14041,3.5979e+05,-94971,0
14042,3.5977e+05,-94963,0
14043,3.5975e+05,-94954,0
14044,3.5973e+05,-94946,0
14045,3.5971e+05,-94937,0
14046,3.5969e+05,-94928,0
14047,3.5967e+05,-94920,0
14048,3.5965e+05,-94911,0
14049,3.5963e+05,-94903,0
14050,3.5961e+05,-94894,0
14051,3.5959e+05,-94885,0
14052,3.5957e+05,-94877,0
14053,3.5955e+05,-94868,0
14054,3.5953e+05,-94859,0
14055,3.5951e+05,-94851,0
14056,3.595e+05,-94842,0
14057,3.5948e+05,-94833,0
14058,3.5946e+05,-94825,0
14059,3.5944e+05,-94816,0
14060,3.5942e+05,-94807,0
14061,3.594e+05,-94798,0
14062,3.5938e+05,-94790,0
14063,3.5936e+05,-94781,0
14064,3.5934e+05,-94772,0
14065,3.5932e+05,-94764,0
14066,3.593e+05,-94755,0
14067,3.5928e+05,-94746,0
14068,3.5926e+05,-94737,0
14069,3.5924e+05,-94728,0
14070,3.5922e+05,-94720,0
14071,3.592e+05,-94711,0
14072,3.5918e+05,-94702,0
14073,3.5916e+05,-94693,0
14074,3.5914e+05,-94684,0
14075,3.5913e+05,-94676,0
14076,3.5911e+05,-94667,0
14077,3.5909e+05,-94658,0
14078,3.5907e+05,-94649,0
14079,3.5905e+05,-94640,0
14080,3.5903e+05,-94631,0
14081,3.5901e+05,-94622,0
14082,3.5899e+05,-94614,0
14083,3.5897e+05,-94605,0
14084,3.5895e+05,-94596,0
14085,3.5893e+05,-94587,0
14086,3.5891e+05,-94578,0
14087,3.5889e+05,-94569,0
14088,3.5887e+05,-94560,0
14089,3.5885e+05,-94551,0
14090,3.5883e+05,-94542,0
14091,3.5881e+05,-94533,0
14092,3.5879e+05,-94524,0
14093,3.5878e+05,-94515,0
14094,3.5876e+05,-94506,0
14095,3.5874e+05,-94497,0
14096,3.5872e+05,-94488,0
14097,3.587e+05,-94479,0
14098,3.5868e+05,-94470,0
14099,3.5866e+05,-94461,0
14100,3.5864e+05,-94452,0
14101,3.5862e+05,-94443,0
14102,3.586e+05,-94434,0
14103,3.5858e+05,-94425,0
14104,3.5856e+05,-94416,0
14105,3.5854e+05,-94407,0
14106,3.5852e+05,-94398,0
14107,3.585e+05,-94389,0
14108,3.5848e+05,-94380,0
14109,3.5846e+05,-94371,0
14110,3.5845e+05,-94362,0
14111,3.5843e+05,-94352,0
14112,3.5841e+05,-94343,0
14113,3.5839e+05,-94334,0
14114,3.5837e+05,-94325,0
14115,3.5835e+05,-94316,0
14116,3.5833e+05,-94307,0
14117,3.5831e+05,-94298,0
14118,3.5829e+05,-94288,0
14119,3.5827e+05,-94279,0
14120,3.5825e+05,-94270,0
14121,3.5823e+05,-94261,0
14122,3.5821e+05,-94252,0
14123,3.5819e+05,-94242,0
14124,3.5817e+05,-94233,0
14125,3.5815e+05,-94224,0
14126,3.5814e+05,-94215,0
14127,3.5812e+05,-94206,0
14128,3.581e+05,-94196,0
14129,3.5808e+05,-94187,0
14130,3.5806e+05,-94178,0
14131,3.5804e+05,-94168,0
14132,3.5802e+05,-94159,0
14133,3.58e+05,-94150,0
14134,3.5798e+05,-94141,0
14135,3.5796e+05,-94131,0
14136,3.5794e+05,-94122,0
14137,3.5792e+05,-94113,0
14138,3.579e+05,-94103,0
14139,3.5788e+05,-94094,0
14140,3.5786e+05,-94085,0
14141,3.5785e+05,-94075,0
14142,3.5783e+05,-94066,0
14143,3.5781e+05,-94057,0
14144,3.5779e+05,-94047,0
14145,3.5777e+05,-94038,0
14146,3.5775e+05,-94028,0
14147,3.5773e+05,-94019,0
14148,3.5771e+05,-94010,0
14149,3.5769e+05,-94000,0
14150,3.5767e+05,-93991,0
14151,3.5765e+05,-93981,0
14152,3.5763e+05,-93972,0
14153,3.5761e+05,-93962,0
14154,3.5759e+05,-93953,0
14155,3.5757e+05,-93943,0
14156,3.5756e+05,-93934,0
14157,3.5754e+05,-93924,0
14158,3.5752e+05,-93915,0
14159,3.575e+05,-93905,0
14160,3.5748e+05,-93896,0
14161,3.5746e+05,-93886,0
14162,3.5744e+05,-93877,0
14163,3.5742e+05,-93867,0
14164,3.574e+05,-93858,0
14165,3.5738e+05,-93848,0
14166,3.5736e+05,-93839,0
14167,3.5734e+05,-93829,0
14168,3.5732e+05,-93820,0
14169,3.5731e+05,-93810,0
14170,3.5729e+05,-93800,0
14171,3.5727e+05,-93791,0
14172,3.5725e+05,-93781,0
14173,3.5723e+05,-93772,0
14174,3.5721e+05,-93762,0
14175,3.5719e+05,-93752,0
14176,3.5717e+05,-93743,0
14177,3.5715e+05,-93733,0
14178,3.5713e+05,-93723,0
14179,3.5711e+05,-93714,0
14180,3.5709e+05,-93704,0
14181,3.5707e+05,-93694,0
14182,3.5706e+05,-93685,0
14183,3.5704e+05,-93675,0
14184,3.5702e+05,-93665,0
14185,3.57e+05,-93656,0
14186,3.5698e+05,-93646,0
14187,3.5696e+05,-93636,0
14188,3.5694e+05,-93626,0
14189,3.5692e+05,-93617,0
14190,3.569e+05,-93607,0
14191,3.5688e+05,-93597,0
14192,3.5686e+05,-93587,0
14193,3.5684e+05,-93578,0
14194,3.5682e+05,-93568,0
14195,3.5681e+05,-93558,0
14196,3.5679e+05,-93548,0
14197,3.5677e+05,-93538,0
14198,3.5675e+05,-93529,0
14199,3.5673e+05,-93519,0
14200,3.5671e+05,-93509,0
14201,3.5669e+05,-93499,0
14202,3.5667e+05,-93489,0
14203,3.5665e+05,-93479,0
14204,3.5663e+05,-93470,0
14205,3.5661e+05,-93460,0
14206,3.5659e+05,-93450,0
14207,3.5658e+05,-93440,0
14208,3.5656e+05,-93430,0
14209,3.5654e+05,-93420,0
14210,3.5652e+05,-93410,0
14211,3.565e+05,-93400,0
14212,3.5648e+05,-93390,0
14213,3.5646e+05,-93381,0
14214,3.5644e+05,-93371,0
14215,3.5642e+05,-93361,0
14216,3.564e+05,-93351,0
14217,3.5638e+05,-93341,0
14218,3.5636e+05,-93331,0
14219,3.5635e+05,-93321,0
14220,3.5633e+05,-93311,0
14221,3.5631e+05,-93301,0
14222,3.5629e+05,-93291,0
14223,3.5627e+05,-93281,0
14224,3.5625e+05,-93271,0
14225,3.5623e+05,-93261,0
14226,3.5621e+05,-93251,0
14227,3.5619e+05,-93241,0
14228,3.5617e+05,-93231,0
14229,3.5615e+05,-93221,0
14230,3.5614e+05,-93210,0
14231,3.5612e+05,-93200,0
14232,3.561e+05,-93190,0
14233,3.5608e+05,-93180,0
14234,3.5606e+05,-93170,0
14235,3.5604e+05,-93160,0
14236,3.5602e+05,-93150,0
14237,3.56e+05,-93140,0
14238,3.5598e+05,-93130,0
14239,3.5596e+05,-93119,0
14240,3.5594e+05,-93109,0
14241,3.5593e+05,-93099,0
14242,3.5591e+05,-93089,0
14243,3.5589e+05,-93079,0
14244,3.5587e+05,-93069,0
14245,3.5585e+05,-93058,0
14246,3.5583e+05,-93048,0
14247,3.5581e+05,-93038,0
14248,3.5579e+05,-93028,0
14249,3.5577e+05,-93018,0
14250,3.5575e+05,-93007,0
14251,3.5573e+05,-92997,0
14252,3.5572e+05,-92987,0
14253,3.557e+05,-92977,0
14254,3.5568e+05,-92966,0
14255,3.5566e+05,-92956,0
14256,3.5564e+05,-92946,0
14257,3.5562e+05,-92936,0
14258,3.556e+05,-92925,0
14259,3.5558e+05,-92915,0
14260,3.5556e+05,-92905,0
14261,3.5554e+05,-92894,0
14262,3.5553e+05,-92884,0
14263,3.5551e+05,-92874,0
14264,3.5549e+05,-92863,0
14265,3.5547e+05,-92853,0
14266,3.5545e+05,-92843,0
14267,3.5543e+05,-92832,0
14268,3.5541e+05,-92822,0
14269,3.5539e+05,-92812,0
14270,3.5537e+05,-92801,0
14271,3.5535e+05,-92791,0
14272,3.5534e+05,-92780,0
14273,3.5532e+05,-92770,0
14274,3.553e+05,-92760,0
14275,3.5528e+05,-92749,0
14276,3.5526e+05,-92739,0
14277,3.5524e+05,-92728,0
14278,3.5522e+05,-92718,0
14279,3.552e+05,-92707,0
14280,3.5518e+05,-92697,0
14281,3.5516e+05,-92686,0
14282,3.5515e+05,-92676,0
14283,3.5513e+05,-92665,0
14284,3.5511e+05,-92655,0
14285,3.5509e+05,-92644,0
14286,3.5507e+05,-92634,0
14287,3.5505e+05,-92623,0
14288,3.5503e+05,-92613,0
14289,3.5501e+05,-92602,0
14290,3.5499e+05,-92592,0
14291,3.5497e+05,-92581,0
14292,3.5496e+05,-92571,0
14293,3.5494e+05,-92560,0
14294,3.5492e+05,-92549,0
14295,3.549e+05,-92539,0
14296,3.5488e+05,-92528,0
14297,3.5486e+05,-92518,0
14298,3.5484e+05,-92507,0
14299,3.5482e+05,-92496,0
14300,3.548e+05,-92486,0
14301,3.5479e+05,-92475,0
14302,3.5477e+05,-92465,0
14303,3.5475e+05,-92454,0
14304,3.5473e+05,-92443,0
14305,3.5471e+05,-92433,0
14306,3.5469e+05,-92422,0
14307,3.5467e+05,-92411,0
14308,3.5465e+05,-92401,0
14309,3.5463e+05,-92390,0
14310,3.5462e+05,-92379,0
14311,3.546e+05,-92368,0
14312,3.5458e+05,-92358,0
14313,3.5456e+05,-92347,0
14314,3.5454e+05,-92336,0
14315,3.5452e+05,-92325,0
14316,3.545e+05,-92315,0
14317,3.5448e+05,-92304,0
14318,3.5446e+05,-92293,0
14319,3.5445e+05,-92282,0
14320,3.5443e+05,-92272,0
14321,3.5441e+05,-92261,0
14322,3.5439e+05,-92250,0
14323,3.5437e+05,-92239,0
14324,3.5435e+05,-92228,0
14325,3.5433e+05,-92218,0
14326,3.5431e+05,-92207,0
14327,3.5429e+05,-92196,0
14328,3.5428e+05,-92185,0
14329,3.5426e+05,-92174,0
14330,3.5424e+05,-92163,0
14331,3.5422e+05,-92152,0
14332,3.542e+05,-92142,0
14333,3.5418e+05,-92131,0
14334,3.5416e+05,-92120,0
14335,3.5414e+05,-92109,0
14336,3.5412e+05,-92098,0
14337,3.5411e+05,-92087,0
14338,3.5409e+05,-92076,0
14339,3.5407e+05,-92065,0
14340,3.5405e+05,-92054,0
14341,3.5403e+05,-92043,0
14342,3.5401e+05,-92032,0
14343,3.5399e+05,-92021,0
14344,3.5397e+05,-92010,0
14345,3.5396e+05,-91999,0
14346,3.5394e+05,-91988,0
14347,3.5392e+05,-91977,0
14348,3.539e+05,-91966,0
14349,3.5388e+05,-91955,0
14350,3.5386e+05,-91944,0
14351,3.5384e+05,-91933,0
14352,3.5382e+05,-91922,0
14353,3.538e+05,-91911,0
14354,3.5379e+05,-91900,0
14355,3.5377e+05,-91889,0
14356,3.5375e+05,-91878,0
14357,3.5373e+05,-91867,0
14358,3.5371e+05,-91856,0
14359,3.5369e+05,-91845,0
14360,3.5367e+05,-91834,0
14361,3.5365e+05,-91823,0
14362,3.5364e+05,-91811,0
14363,3.5362e+05,-91800,0
14364,3.536e+05,-91789,0
14365,3.5358e+05,-91778,0
14366,3.5356e+05,-91767,0
14367,3.5354e+05,-91756,0
14368,3.5352e+05,-91745,0
14369,3.535e+05,-91733,0
14370,3.5349e+05,-91722,0
14371,3.5347e+05,-91711,0
14372,3.5345e+05,-91700,0
14373,3.5343e+05,-91689,0
14374,3.5341e+05,-91677,0
14375,3.5339e+05,-91666,0
14376,3.5337e+05,-91655,0
14377,3.5335e+05,-91644,0
14378,3.5334e+05,-91633,0
14379,3.5332e+05,-91621,0
14380,3.533e+05,-91610,0
14381,3.5328e+05,-91599,0
14382,3.5326e+05,-91587,0
14383,3.5324e+05,-91576,0
14384,3.5322e+05,-91565,0
14385,3.5321e+05,-91554,0
14386,3.5319e+05,-91542,0
14387,3.5317e+05,-91531,0
14388,3.5315e+05,-91520,0
14389,3.5313e+05,-91508,0
14390,3.5311e+05,-91497,0
14391,3.5309e+05,-91486,0
14392,3.5307e+05,-91474,0
14393,3.5306e+05,-91463,0
14394,3.5304e+05,-91452,0
14395,3.5302e+05,-91440,0
14396,3.53e+05,-91429,0
14397,3.5298e+05,-91417,0
14398,3.5296e+05,-91406,0
14399,3.5294e+05,-91395,0
14400,3.5292e+05,-91383,0
14401,3.5291e+05,-91372,0
14402,3.5289e+05,-91360,0
14403,3.5287e+05,-91349,0
14404,3.5285e+05,-91337,0
14405,3.5283e+05,-91326,0
14406,3.5281e+05,-91314,0
14407,3.5279e+05,-91303,0
14408,3.5278e+05,-91291,0
14409,3.5276e+05,-91280,0
14410,3.5274e+05,-91268,0
14411,3.5272e+05,-91257,0
14412,3.527e+05,-91245,0
14413,3.5268e+05,-91234,0
14414,3.5266e+05,-91222,0
14415,3.5265e+05,-91211,0
14416,3.5263e+05,-91199,0
14417,3.5261e+05,-91188,0
14418,3.5259e+05,-91176,0
14419,3.5257e+05,-91165,0
14420,3.5255e+05,-91153,0
14421,3.5253e+05,-91141,0
14422,3.5251e+05,-91130,0
14423,3.525e+05,-91118,0
14424,3.5248e+05,-91107,0
14425,3.5246e+05,-91095,0
14426,3.5244e+05,-91083,0
14427,3.5242e+05,-91072,0
14428,3.524e+05,-91060,0
14429,3.5238e+05,-91048,0
14430,3.5237e+05,-91037,0
14431,3.5235e+05,-91025,0
14432,3.5233e+05,-91013,0
14433,3.5231e+05,-91002,0
14434,3.5229e+05,-90990,0
14435,3.5227e+05,-90978,0
14436,3.5225e+05,-90967,0
14437,3.5224e+05,-90955,0
14438,3.5222e+05,-90943,0
14439,3.522e+05,-90932,0
14440,3.5218e+05,-90920,0
14441,3.5216e+05,-90908,0
14442,3.5214e+05,-90896,0
14443,3.5212e+05,-90885,0
14444,3.5211e+05,-90873,0
14445,3.5209e+05,-90861,0
14446,3.5207e+05,-90849,0
14447,3.5205e+05,-90837,0
14448,3.5203e+05,-90826,0
14449,3.5201e+05,-90814,0
14450,3.52e+05,-90802,0
14451,3.5198e+05,-90790,0
14452,3.5196e+05,-90778,0
14453,3.5194e+05,-90767,0
14454,3.5192e+05,-90755,0
14455,3.519e+05,-90743,0
14456,3.5188e+05,-90731,0
14457,3.5187e+05,-90719,0
14458,3.5185e+05,-90707,0
14459,3.5183e+05,-90695,0
14460,3.5181e+05,-90683,0
14461,3.5179e+05,-90672,0
14462,3.5177e+05,-90660,0
14463,3.5175e+05,-90648,0
14464,3.5174e+05,-90636,0
14465,3.5172e+05,-90624,0
14466,3.517e+05,-90612,0
14467,3.5168e+05,-90600,0
14468,3.5166e+05,-90588,0
14469,3.5164e+05,-90576,0
14470,3.5163e+05,-90564,0
14471,3.5161e+05,-90552,0
14472,3.5159e+05,-90540,0
14473,3.5157e+05,-90528,0
14474,3.5155e+05,-90516,0
14475,3.5153e+05,-90504,0
14476,3.5151e+05,-90492,0
14477,3.515e+05,-90480,0
14478,3.5148e+05,-90468,0
14479,3.5146e+05,-90456,0
14480,3.5144e+05,-90444,0
14481,3.5142e+05,-90432,0
14482,3.514e+05,-90420,0
14483,3.5139e+05,-90408,0
14484,3.5137e+05,-90396,0
14485,3.5135e+05,-90384,0
14486,3.5133e+05,-90371,0
14487,3.5131e+05,-90359,0
14488,3.5129e+05,-90347,0
14489,3.5127e+05,-90335,0
14490,3.5126e+05,-90323,0
14491,3.5124e+05,-90311,0
14492,3.5122e+05,-90299,0
14493,3.512e+05,-90287,0
14494,3.5118e+05,-90274,0
14495,3.5116e+05,-90262,0
14496,3.5115e+05,-90250,0
14497,3.5113e+05,-90238,0
14498,3.5111e+05,-90226,0
14499,3.5109e+05,-90213,0
14500,3.5107e+05,-90201,0
14501,3.5105e+05,-90189,0
14502,3.5104e+05,-90177,0
14503,3.5102e+05,-90165,0
14504,3.51e+05,-90152,0
14505,3.5098e+05,-90140,0
14506,3.5096e+05,-90128,0
14507,3.5094e+05,-90116,0
14508,3.5093e+05,-90103,0
14509,3.5091e+05,-90091,0
14510,3.5089e+05,-90079,0
14511,3.5087e+05,-90066,0
14512,3.5085e+05,-90054,0
14513,3.5083e+05,-90042,0
14514,3.5081e+05,-90029,0
14515,3.508e+05,-90017,0
14516,3.5078e+05,-90005,0
14517,3.5076e+05,-89992,0
14518,3.5074e+05,-89980,0
14519,3.5072e+05,-89968,0
14520,3.507e+05,-89955,0
14521,3.5069e+05,-89943,0
14522,3.5067e+05,-89931,0
14523,3.5065e+05,-89918,0
14524,3.5063e+05,-89906,0
14525,3.5061e+05,-89893,0
14526,3.5059e+05,-89881,0
14527,3.5058e+05,-89869,0
14528,3.5056e+05,-89856,0
14529,3.5054e+05,-89844,0
14530,3.5052e+05,-89831,0
14531,3.505e+05,-89819,0
14532,3.5049e+05,-89806,0
14533,3.5047e+05,-89794,0
14534,3.5045e+05,-89781,0
14535,3.5043e+05,-89769,0
14536,3.5041e+05,-89756,0
14537,3.5039e+05,-89744,0
14538,3.5038e+05,-89731,0
14539,3.5036e+05,-89719,0
14540,3.5034e+05,-89706,0
14541,3.5032e+05,-89694,0
14542,3.503e+05,-89681,0
14543,3.5028e+05,-89669,0
14544,3.5027e+05,-89656,0
14545,3.5025e+05,-89644,0
14546,3.5023e+05,-89631,0
14547,3.5021e+05,-89618,0
14548,3.5019e+05,-89606,0
14549,3.5017e+05,-89593,0
14550,3.5016e+05,-89581,0
14551,3.5014e+05,-89568,0
14552,3.5012e+05,-89555,0
14553,3.501e+05,-89543,0
14554,3.5008e+05,-89530,0
14555,3.5006e+05,-89518,0
14556,3.5005e+05,-89505,0
14557,3.5003e+05,-89492,0
14558,3.5001e+05,-89480,0
14559,3.4999e+05,-89467,0
14560,3.4997e+05,-89454,0
14561,3.4996e+05,-89442,0
14562,3.4994e+05,-89429,0
14563,3.4992e+05,-89416,0
14564,3.499e+05,-89403,0
14565,3.4988e+05,-89391,0
14566,3.4986e+05,-89378,0
14567,3.4985e+05,-89365,0
14568,3.4983e+05,-89353,0
14569,3.4981e+05,-89340,0
14570,3.4979e+05,-89327,0
14571,3.4977e+05,-89314,0
14572,3.4976e+05,-89301,0
14573,3.4974e+05,-89289,0
14574,3.4972e+05,-89276,0
14575,3.497e+05,-89263,0
14576,3.4968e+05,-89250,0
14577,3.4966e+05,-89237,0
14578,3.4965e+05,-89225,0
14579,3.4963e+05,-89212,0
14580,3.4961e+05,-89199,0
14581,3.4959e+05,-89186,0
14582,3.4957e+05,-89173,0
14583,3.4956e+05,-89160,0
14584,3.4954e+05,-89148,0
14585,3.4952e+05,-89135,0
14586,3.495e+05,-89122,0
14587,3.4948e+05,-89109,0
14588,3.4946e+05,-89096,0
14589,3.4945e+05,-89083,0
14590,3.4943e+05,-89070,0
14591,3.4941e+05,-89057,0
14592,3.4939e+05,-89044,0
14593,3.4937e+05,-89031,0
14594,3.4936e+05,-89018,0
14595,3.4934e+05,-89005,0
14596,3.4932e+05,-88993,0
14597,3.493e+05,-88980,0
14598,3.4928e+05,-88967,0
14599,3.4927e+05,-88954,0
14600,3.4925e+05,-88941,0
14601,3.4923e+05,-88928,0
14602,3.4921e+05,-88915,0
14603,3.4919e+05,-88902,0
14604,3.4918e+05,-88889,0
14605,3.4916e+05,-88875,0
14606,3.4914e+05,-88862,0
14607,3.4912e+05,-88849,0
14608,3.491e+05,-88836,0
14609,3.4908e+05,-88823,0
14610,3.4907e+05,-88810,0
14611,3.4905e+05,-88797,0
14612,3.4903e+05,-88784,0
14613,3.4901e+05,-88771,0
14614,3.4899e+05,-88758,0
14615,3.4898e+05,-88745,0
14616,3.4896e+05,-88732,0
14617,3.4894e+05,-88718,0
14618,3.4892e+05,-88705,0
14619,3.489e+05,-88692,0
14620,3.4889e+05,-88679,0
14621,3.4887e+05,-88666,0
14622,3.4885e+05,-88653,0
14623,3.4883e+05,-88640,0
14624,3.4881e+05,-88626,0
14625,3.488e+05,-88613,0
14626,3.4878e+05,-88600,0
14627,3.4876e+05,-88587,0
14628,3.4874e+05,-88574,0
14629,3.4872e+05,-88560,0
14630,3.4871e+05,-88547,0
14631,3.4869e+05,-88534,0
14632,3.4867e+05,-88521,0
14633,3.4865e+05,-88507,0
14634,3.4863e+05,-88494,0
14635,3.4862e+05,-88481,0
14636,3.486e+05,-88468,0
14637,3.4858e+05,-88454,0
14638,3.4856e+05,-88441,0
14639,3.4854e+05,-88428,0
14640,3.4853e+05,-88414,0
14641,3.4851e+05,-88401,0
14642,3.4849e+05,-88388,0
14643,3.4847e+05,-88374,0
14644,3.4845e+05,-88361,0
14645,3.4844e+05,-88348,0
14646,3.4842e+05,-88334,0
14647,3.484e+05,-88321,0
14648,3.4838e+05,-88308,0
14649,3.4836e+05,-88294,0
14650,3.4835e+05,-88281,0
14651,3.4833e+05,-88267,0
14652,3.4831e+05,-88254,0
14653,3.4829e+05,-88241,0
14654,3.4827e+05,-88227,0
14655,3.4826e+05,-88214,0
14656,3.4824e+05,-88200,0
14657,3.4822e+05,-88187,0
14658,3.482e+05,-88174,0
14659,3.4818e+05,-88160,0
14660,3.4817e+05,-88147,0
14661,3.4815e+05,-88133,0
14662,3.4813e+05,-88120,0
14663,3.4811e+05,-88106,0
14664,3.481e+05,-88093,0
14665,3.4808e+05,-88079,0
14666,3.4806e+05,-88066,0
14667,3.4804e+05,-88052,0
14668,3.4802e+05,-88039,0
14669,3.4801e+05,-88025,0
14670,3.4799e+05,-88012,0
14671,3.4797e+05,-87998,0
14672,3.4795e+05,-87984,0
14673,3.4793e+05,-87971,0
14674,3.4792e+05,-87957,0
14675,3.479e+05,-87944,0
14676,3.4788e+05,-87930,0
14677,3.4786e+05,-87917,0
14678,3.4784e+05,-87903,0
14679,3.4783e+05,-87889,0
14680,3.4781e+05,-87876,0
14681,3.4779e+05,-87862,0
14682,3.4777e+05,-87848,0
14683,3.4776e+05,-87835,0
14684,3.4774e+05,-87821,0
14685,3.4772e+05,-87807,0
14686,3.477e+05,-87794,0
14687,3.4768e+05,-87780,0
14688,3.4767e+05,-87766,0
14689,3.4765e+05,-87753,0
14690,3.4763e+05,-87739,0
14691,3.4761e+05,-87725,0
14692,3.4759e+05,-87712,0
14693,3.4758e+05,-87698,0
14694,3.4756e+05,-87684,0
14695,3.4754e+05,-87670,0
14696,3.4752e+05,-87657,0
14697,3.4751e+05,-87643,0
14698,3.4749e+05,-87629,0
14699,3.4747e+05,-87615,0
14700,3.4745e+05,-87602,0
14701,3.4743e+05,-87588,0
14702,3.4742e+05,-87574,0
14703,3.474e+05,-87560,0
14704,3.4738e+05,-87546,0
14705,3.4736e+05,-87533,0
14706,3.4735e+05,-87519,0
14707,3.4733e+05,-87505,0
14708,3.4731e+05,-87491,0
14709,3.4729e+05,-87477,0
14710,3.4727e+05,-87463,0
14711,3.4726e+05,-87450,0
14712,3.4724e+05,-87436,0
14713,3.4722e+05,-87422,0
14714,3.472e+05,-87408,0
14715,3.4719e+05,-87394,0
14716,3.4717e+05,-87380,0
14717,3.4715e+05,-87366,0
14718,3.4713e+05,-87352,0
14719,3.4711e+05,-87338,0
14720,3.471e+05,-87325,0
14721,3.4708e+05,-87311,0
14722,3.4706e+05,-87297,0
14723,3.4704e+05,-87283,0
14724,3.4703e+05,-87269,0
14725,3.4701e+05,-87255,0
14726,3.4699e+05,-87241,0
14727,3.4697e+05,-87227,0
14728,3.4695e+05,-87213,0
14729,3.4694e+05,-87199,0
14730,3.4692e+05,-87185,0
14731,3.469e+05,-87171,0
14732,3.4688e+05,-87157,0
14733,3.4687e+05,-87143,0
14734,3.4685e+05,-87129,0
14735,3.4683e+05,-87115,0
14736,3.4681e+05,-87101,0
14737,3.468e+05,-87087,0
14738,3.4678e+05,-87072,0
14739,3.4676e+05,-87058,0
14740,3.4674e+05,-87044,0
14741,3.4672e+05,-87030,0
14742,3.4671e+05,-87016,0
14743,3.4669e+05,-87002,0
14744,3.4667e+05,-86988,0
14745,3.4665e+05,-86974,0
14746,3.4664e+05,-86960,0
14747,3.4662e+05,-86945,0
14748,3.466e+05,-86931,0
14749,3.4658e+05,-86917,0
14750,3.4657e+05,-86903,0
14751,3.4655e+05,-86889,0
14752,3.4653e+05,-86875,0
14753,3.4651e+05,-86860,0
14754,3.465e+05,-86846,0
14755,3.4648e+05,-86832,0
14756,3.4646e+05,-86818,0
14757,3.4644e+05,-86804,0
14758,3.4642e+05,-86789,0
14759,3.4641e+05,-86775,0
14760,3.4639e+05,-86761,0
14761,3.4637e+05,-86747,0
14762,3.4635e+05,-86732,0
14763,3.4634e+05,-86718,0
14764,3.4632e+05,-86704,0
14765,3.463e+05,-86690,0
14766,3.4628e+05,-86675,0
14767,3.4627e+05,-86661,0
14768,3.4625e+05,-86647,0
14769,3.4623e+05,-86632,0
14770,3.4621e+05,-86618,0
14771,3.462e+05,-86604,0
14772,3.4618e+05,-86589,0
14773,3.4616e+05,-86575,0
14774,3.4614e+05,-86561,0
14775,3.4613e+05,-86546,0
14776,3.4611e+05,-86532,0
14777,3.4609e+05,-86518,0
14778,3.4607e+05,-86503,0
14779,3.4606e+05,-86489,0
14780,3.4604e+05,-86475,0
14781,3.4602e+05,-86460,0
14782,3.46e+05,-86446,0
14783,3.4599e+05,-86431,0
14784,3.4597e+05,-86417,0
14785,3.4595e+05,-86402,0
14786,3.4593e+05,-86388,0
14787,3.4592e+05,-86374,0
14788,3.459e+05,-86359,0
14789,3.4588e+05,-86345,0
14790,3.4586e+05,-86330,0
14791,3.4585e+05,-86316,0
14792,3.4583e+05,-86301,0
14793,3.4581e+05,-86287,0
14794,3.4579e+05,-86272,0
14795,3.4578e+05,-86258,0
14796,3.4576e+05,-86243,0
14797,3.4574e+05,-86229,0
14798,3.4572e+05,-86214,0
14799,3.4571e+05,-86200,0
14800,3.4569e+05,-86185,0
14801,3.4567e+05,-86170,0
14802,3.4565e+05,-86156,0
14803,3.4564e+05,-86141,0
14804,3.4562e+05,-86127,0
14805,3.456e+05,-86112,0
14806,3.4558e+05,-86098,0
14807,3.4557e+05,-86083,0
14808,3.4555e+05,-86068,0
14809,3.4553e+05,-86054,0
14810,3.4551e+05,-86039,0
14811,3.455e+05,-86024,0
14812,3.4548e+05,-86010,0
14813,3.4546e+05,-85995,0
14814,3.4544e+05,-85980,0
14815,3.4543e+05,-85966,0
14816,3.4541e+05,-85951,0
14817,3.4539e+05,-85936,0
14818,3.4537e+05,-85922,0
14819,3.4536e+05,-85907,0
14820,3.4534e+05,-85892,0
14821,3.4532e+05,-85878,0
14822,3.453e+05,-85863,0
14823,3.4529e+05,-85848,0
14824,3.4527e+05,-85833,0
14825,3.4525e+05,-85819,0
14826,3.4523e+05,-85804,0
14827,3.4522e+05,-85789,0
14828,3.452e+05,-85774,0
14829,3.4518e+05,-85760,0
14830,3.4516e+05,-85745,0
14831,3.4515e+05,-85730,0
14832,3.4513e+05,-85715,0
14833,3.4511e+05,-85701,0
14834,3.4509e+05,-85686,0
14835,3.4508e+05,-85671,0
14836,3.4506e+05,-85656,0
14837,3.4504e+05,-85641,0
14838,3.4503e+05,-85626,0
14839,3.4501e+05,-85612,0
14840,3.4499e+05,-85597,0
14841,3.4497e+05,-85582,0
14842,3.4496e+05,-85567,0
14843,3.4494e+05,-85552,0
14844,3.4492e+05,-85537,0
14845,3.449e+05,-85522,0
14846,3.4489e+05,-85507,0
14847,3.4487e+05,-85492,0
14848,3.4485e+05,-85478,0
14849,3.4483e+05,-85463,0
14850,3.4482e+05,-85448,0
14851,3.448e+05,-85433,0
14852,3.4478e+05,-85418,0
14853,3.4477e+05,-85403,0
14854,3.4475e+05,-85388,0
14855,3.4473e+05,-85373,0
14856,3.4471e+05,-85358,0
14857,3.447e+05,-85343,0
14858,3.4468e+05,-85328,0
14859,3.4466e+05,-85313,0
14860,3.4464e+05,-85298,0
14861,3.4463e+05,-85283,0
14862,3.4461e+05,-85268,0
14863,3.4459e+05,-85253,0
14864,3.4457e+05,-85238,0
14865,3.4456e+05,-85223,0
14866,3.4454e+05,-85208,0
14867,3.4452e+05,-85193,0
14868,3.4451e+05,-85178,0
14869,3.4449e+05,-85162,0
14870,3.4447e+05,-85147,0
14871,3.4445e+05,-85132,0
14872,3.4444e+05,-85117,0
14873,3.4442e+05,-85102,0
14874,3.444e+05,-85087,0
14875,3.4438e+05,-85072,0
14876,3.4437e+05,-85057,0
14877,3.4435e+05,-85042,0
14878,3.4433e+05,-85026,0
14879,3.4432e+05,-85011,0
14880,3.443e+05,-84996,0
14881,3.4428e+05,-84981,0
14882,3.4426e+05,-84966,0
14883,3.4425e+05,-84950,0
14884,3.4423e+05,-84935,0
14885,3.4421e+05,-84920,0
14886,3.442e+05,-84905,0
14887,3.4418e+05,-84890,0
14888,3.4416e+05,-84874,0
14889,3.4414e+05,-84859,0
14890,3.4413e+05,-84844,0
14891,3.4411e+05,-84829,0
14892,3.4409e+05,-84813,0
14893,3.4407e+05,-84798,0
14894,3.4406e+05,-84783,0
14895,3.4404e+05,-84768,0
14896,3.4402e+05,-84752,0
14897,3.4401e+05,-84737,0
14898,3.4399e+05,-84722,0
14899,3.4397e+05,-84706,0
14900,3.4395e+05,-84691,0
14901,3.4394e+05,-84676,0
14902,3.4392e+05,-84660,0
14903,3.439e+05,-84645,0
14904,3.4389e+05,-84630,0
14905,3.4387e+05,-84614,0
14906,3.4385e+05,-84599,0
14907,3.4383e+05,-84584,0
14908,3.4382e+05,-84568,0
14909,3.438e+05,-84553,0
14910,3.4378e+05,-84537,0
14911,3.4377e+05,-84522,0
14912,3.4375e+05,-84507,0
14913,3.4373e+05,-84491,0
14914,3.4371e+05,-84476,0
14915,3.437e+05,-84460,0
14916,3.4368e+05,-84445,0
14917,3.4366e+05,-84430,0
14918,3.4365e+05,-84414,0
14919,3.4363e+05,-84399,0
14920,3.4361e+05,-84383,0
14921,3.4359e+05,-84368,0
14922,3.4358e+05,-84352,0
14923,3.4356e+05,-84337,0
14924,3.4354e+05,-84321,0
14925,3.4353e+05,-84306,0
14926,3.4351e+05,-84290,0
14927,3.4349e+05,-84275,0
14928,3.4348e+05,-84259,0
14929,3.4346e+05,-84244,0
14930,3.4344e+05,-84228,0
14931,3.4342e+05,-84212,0
14932,3.4341e+05,-84197,0
14933,3.4339e+05,-84181,0
14934,3.4337e+05,-84166,0
14935,3.4336e+05,-84150,0
14936,3.4334e+05,-84135,0
14937,3.4332e+05,-84119,0
14938,3.433e+05,-84103,0
14939,3.4329e+05,-84088,0
14940,3.4327e+05,-84072,0
14941,3.4325e+05,-84056,0
14942,3.4324e+05,-84041,0
14943,3.4322e+05,-84025,0
14944,3.432e+05,-84010,0
14945,3.4319e+05,-83994,0
14946,3.4317e+05,-83978,0
14947,3.4315e+05,-83962,0
14948,3.4313e+05,-83947,0
14949,3.4312e+05,-83931,0
14950,3.431e+05,-83915,0
14951,3.4308e+05,-83900,0
14952,3.4307e+05,-83884,0
14953,3.4305e+05,-83868,0
14954,3.4303e+05,-83853,0
14955,3.4302e+05,-83837,0
14956,3.43e+05,-83821,0
14957,3.4298e+05,-83805,0
14958,3.4296e+05,-83790,0
14959,3.4295e+05,-83774,0
14960,3.4293e+05,-83758,0
14961,3.4291e+05,-83742,0
14962,3.429e+05,-83726,0
14963,3.4288e+05,-83711,0
14964,3.4286e+05,-83695,0
14965,3.4285e+05,-83679,0
14966,3.4283e+05,-83663,0
14967,3.4281e+05,-83647,0
14968,3.428e+05,-83631,0
14969,3.4278e+05,-83616,0
14970,3.4276e+05,-83600,0
14971,3.4274e+05,-83584,0
14972,3.4273e+05,-83568,0
14973,3.4271e+05,-83552,0
14974,3.4269e+05,-83536,0
14975,3.4268e+05,-83520,0
14976,3.4266e+05,-83505,0
14977,3.4264e+05,-83489,0
14978,3.4263e+05,-83473,0
14979,3.4261e+05,-83457,0
14980,3.4259e+05,-83441,0
14981,3.4258e+05,-83425,0
14982,3.4256e+05,-83409,0
14983,3.4254e+05,-83393,0
14984,3.4252e+05,-83377,0
14985,3.4251e+05,-83361,0
14986,3.4249e+05,-83345,0
14987,3.4247e+05,-83329,0
14988,3.4246e+05,-83313,0
14989,3.4244e+05,-83297,0
14990,3.4242e+05,-83281,0
14991,3.4241e+05,-83265,0
14992,3.4239e+05,-83249,0
14993,3.4237e+05,-83233,0
14994,3.4236e+05,-83217,0
14995,3.4234e+05,-83201,0
14996,3.4232e+05,-83185,0
14997,3.4231e+05,-83169,0
14998,3.4229e+05,-83153,0
14999,3.4227e+05,-83137,0
15000,3.4225e+05,-83121,0
15001,3.4224e+05,-83105,0
15002,3.4222e+05,-83088,0
15003,3.422e+05,-83072,0
15004,3.4219e+05,-83056,0
15005,3.4217e+05,-83040,0
15006,3.4215e+05,-83024,0
15007,3.4214e+05,-83008,0
15008,3.4212e+05,-82992,0
15009,3.421e+05,-82976,0
15010,3.4209e+05,-82959,0
15011,3.4207e+05,-82943,0
15012,3.4205e+05,-82927,0
15013,3.4204e+05,-82911,0
15014,3.4202e+05,-82895,0
15015,3.42e+05,-82879,0
15016,3.4199e+05,-82862,0
15017,3.4197e+05,-82846,0
15018,3.4195e+05,-82830,0
15019,3.4194e+05,-82814,0
15020,3.4192e+05,-82797,0
15021,3.419e+05,-82781,0
15022,3.4189e+05,-82765,0
15023,3.4187e+05,-82749,0
15024,3.4185e+05,-82732,0
15025,3.4184e+05,-82716,0
15026,3.4182e+05,-82700,0
15027,3.418e+05,-82684,0
15028,3.4178e+05,-82667,0
15029,3.4177e+05,-82651,0
15030,3.4175e+05,-82635,0
15031,3.4173e+05,-82618,0
15032,3.4172e+05,-82602,0
15033,3.417e+05,-82586,0
15034,3.4168e+05,-82569,0
15035,3.4167e+05,-82553,0
15036,3.4165e+05,-82537,0
15037,3.4163e+05,-82520,0
15038,3.4162e+05,-82504,0
15039,3.416e+05,-82488,0
15040,3.4158e+05,-82471,0
15041,3.4157e+05,-82455,0
15042,3.4155e+05,-82438,0
15043,3.4153e+05,-82422,0
15044,3.4152e+05,-82406,0
15045,3.415e+05,-82389,0
15046,3.4148e+05,-82373,0
15047,3.4147e+05,-82356,0
15048,3.4145e+05,-82340,0
15049,3.4143e+05,-82323,0
15050,3.4142e+05,-82307,0
15051,3.414e+05,-82290,0
15052,3.4138e+05,-82274,0
15053,3.4137e+05,-82257,0
15054,3.4135e+05,-82241,0
15055,3.4133e+05,-82224,0
15056,3.4132e+05,-82208,0
15057,3.413e+05,-82191,0
15058,3.4128e+05,-82175,0
15059,3.4127e+05,-82158,0
15060,3.4125e+05,-82142,0
15061,3.4123e+05,-82125,0
15062,3.4122e+05,-82109,0
15063,3.412e+05,-82092,0
15064,3.4118e+05,-82076,0
15065,3.4117e+05,-82059,0
15066,3.4115e+05,-82043,0
15067,3.4113e+05,-82026,0
15068,3.4112e+05,-82009,0
15069,3.411e+05,-81993,0
15070,3.4109e+05,-81976,0
15071,3.4107e+05,-81959,0
15072,3.4105e+05,-81943,0
15073,3.4104e+05,-81926,0
15074,3.4102e+05,-81910,0
15075,3.41e+05,-81893,0
15076,3.4099e+05,-81876,0
15077,3.4097e+05,-81860,0
15078,3.4095e+05,-81843,0
15079,3.4094e+05,-81826,0
15080,3.4092e+05,-81810,0
15081,3.409e+05,-81793,0
15082,3.4089e+05,-81776,0
15083,3.4087e+05,-81759,0
15084,3.4085e+05,-81743,0
15085,3.4084e+05,-81726,0
15086,3.4082e+05,-81709,0
15087,3.408e+05,-81693,0
15088,3.4079e+05,-81676,0
15089,3.4077e+05,-81659,0
15090,3.4075e+05,-81642,0
15091,3.4074e+05,-81626,0
15092,3.4072e+05,-81609,0
15093,3.407e+05,-81592,0
15094,3.4069e+05,-81575,0
15095,3.4067e+05,-81558,0
15096,3.4066e+05,-81542,0
15097,3.4064e+05,-81525,0
15098,3.4062e+05,-81508,0
15099,3.4061e+05,-81491,0
15100,3.4059e+05,-81474,0
15101,3.4057e+05,-81457,0
15102,3.4056e+05,-81441,0
15103,3.4054e+05,-81424,0
15104,3.4052e+05,-81407,0
15105,3.4051e+05,-81390,0
15106,3.4049e+05,-81373,0
15107,3.4047e+05,-81356,0
15108,3.4046e+05,-81339,0
15109,3.4044e+05,-81322,0
15110,3.4042e+05,-81305,0
15111,3.4041e+05,-81289,0
15112,3.4039e+05,-81272,0
15113,3.4038e+05,-81255,0
15114,3.4036e+05,-81238,0
15115,3.4034e+05,-81221,0
15116,3.4033e+05,-81204,0
15117,3.4031e+05,-81187,0
15118,3.4029e+05,-81170,0
15119,3.4028e+05,-81153,0
15120,3.4026e+05,-81136,0
15121,3.4024e+05,-81119,0
15122,3.4023e+05,-81102,0
15123,3.4021e+05,-81085,0
15124,3.4019e+05,-81068,0
15125,3.4018e+05,-81051,0
15126,3.4016e+05,-81034,0
15127,3.4015e+05,-81017,0
15128,3.4013e+05,-81000,0
15129,3.4011e+05,-80983,0
15130,3.401e+05,-80966,0
15131,3.4008e+05,-80949,0
15132,3.4006e+05,-80931,0
15133,3.4005e+05,-80914,0
15134,3.4003e+05,-80897,0
15135,3.4001e+05,-80880,0
15136,3.4e+05,-80863,0
15137,3.3998e+05,-80846,0
15138,3.3997e+05,-80829,0
15139,3.3995e+05,-80812,0
15140,3.3993e+05,-80795,0
15141,3.3992e+05,-80777,0
15142,3.399e+05,-80760,0
15143,3.3988e+05,-80743,0
15144,3.3987e+05,-80726,0
15145,3.3985e+05,-80709,0
15146,3.3983e+05,-80692,0
15147,3.3982e+05,-80674,0
15148,3.398e+05,-80657,0
15149,3.3979e+05,-80640,0
15150,3.3977e+05,-80623,0
15151,3.3975e+05,-80606,0
15152,3.3974e+05,-80588,0
15153,3.3972e+05,-80571,0
15154,3.397e+05,-80554,0
15155,3.3969e+05,-80537,0
15156,3.3967e+05,-80519,0
15157,3.3966e+05,-80502,0
15158,3.3964e+05,-80485,0
15159,3.3962e+05,-80468,0
15160,3.3961e+05,-80450,0
15161,3.3959e+05,-80433,0
15162,3.3957e+05,-80416,0
15163,3.3956e+05,-80398,0
15164,3.3954e+05,-80381,0
15165,3.3953e+05,-80364,0
15166,3.3951e+05,-80346,0
15167,3.3949e+05,-80329,0
15168,3.3948e+05,-80312,0
15169,3.3946e+05,-80294,0
15170,3.3944e+05,-80277,0
15171,3.3943e+05,-80260,0
15172,3.3941e+05,-80242,0
15173,3.394e+05,-80225,0
15174,3.3938e+05,-80207,0
15175,3.3936e+05,-80190,0
15176,3.3935e+05,-80173,0
15177,3.3933e+05,-80155,0
15178,3.3931e+05,-80138,0
15179,3.393e+05,-80120,0
15180,3.3928e+05,-80103,0
15181,3.3927e+05,-80086,0
15182,3.3925e+05,-80068,0
15183,3.3923e+05,-80051,0
15184,3.3922e+05,-80033,0
15185,3.392e+05,-80016,0
15186,3.3918e+05,-79998,0
15187,3.3917e+05,-79981,0
15188,3.3915e+05,-79963,0
15189,3.3914e+05,-79946,0
15190,3.3912e+05,-79928,0
15191,3.391e+05,-79911,0
15192,3.3909e+05,-79893,0
15193,3.3907e+05,-79876,0
15194,3.3906e+05,-79858,0
15195,3.3904e+05,-79841,0
15196,3.3902e+05,-79823,0
15197,3.3901e+05,-79805,0
15198,3.3899e+05,-79788,0
15199,3.3897e+05,-79770,0
15200,3.3896e+05,-79753,0
15201,3.3894e+05,-79735,0
15202,3.3893e+05,-79717,0
15203,3.3891e+05,-79700,0
15204,3.3889e+05,-79682,0
15205,3.3888e+05,-79665,0
15206,3.3886e+05,-79647,0
15207,3.3885e+05,-79629,0
15208,3.3883e+05,-79612,0
15209,3.3881e+05,-79594,0
15210,3.388e+05,-79576,0
15211,3.3878e+05,-79559,0
15212,3.3877e+05,-79541,0
15213,3.3875e+05,-79523,0
15214,3.3873e+05,-79506,0
15215,3.3872e+05,-79488,0
15216,3.387e+05,-79470,0
15217,3.3869e+05,-79453,0
15218,3.3867e+05,-79435,0
15219,3.3865e+05,-79417,0
15220,3.3864e+05,-79399,0
15221,3.3862e+05,-79382,0
15222,3.386e+05,-79364,0
15223,3.3859e+05,-79346,0
15224,3.3857e+05,-79328,0
15225,3.3856e+05,-79311,0
15226,3.3854e+05,-79293,0
15227,3.3852e+05,-79275,0
15228,3.3851e+05,-79257,0
15229,3.3849e+05,-79239,0
15230,3.3848e+05,-79222,0
15231,3.3846e+05,-79204,0
15232,3.3844e+05,-79186,0
15233,3.3843e+05,-79168,0
15234,3.3841e+05,-79150,0
15235,3.384e+05,-79132,0
15236,3.3838e+05,-79115,0
15237,3.3836e+05,-79097,0
15238,3.3835e+05,-79079,0
15239,3.3833e+05,-79061,0
15240,3.3832e+05,-79043,0
15241,3.383e+05,-79025,0
15242,3.3828e+05,-79007,0
15243,3.3827e+05,-78989,0
15244,3.3825e+05,-78972,0
15245,3.3824e+05,-78954,0
15246,3.3822e+05,-78936,0
15247,3.3821e+05,-78918,0
15248,3.3819e+05,-78900,0
15249,3.3817e+05,-78882,0
15250,3.3816e+05,-78864,0
15251,3.3814e+05,-78846,0
15252,3.3813e+05,-78828,0
15253,3.3811e+05,-78810,0
15254,3.3809e+05,-78792,0
15255,3.3808e+05,-78774,0
15256,3.3806e+05,-78756,0
15257,3.3805e+05,-78738,0
15258,3.3803e+05,-78720,0
15259,3.3801e+05,-78702,0
15260,3.38e+05,-78684,0
15261,3.3798e+05,-78666,0
15262,3.3797e+05,-78648,0
15263,3.3795e+05,-78630,0
15264,3.3793e+05,-78612,0
15265,3.3792e+05,-78594,0
15266,3.379e+05,-78576,0
15267,3.3789e+05,-78558,0
15268,3.3787e+05,-78539,0
15269,3.3786e+05,-78521,0
15270,3.3784e+05,-78503,0
15271,3.3782e+05,-78485,0
15272,3.3781e+05,-78467,0
15273,3.3779e+05,-78449,0
15274,3.3778e+05,-78431,0
15275,3.3776e+05,-78413,0
15276,3.3774e+05,-78394,0
15277,3.3773e+05,-78376,0
15278,3.3771e+05,-78358,0
15279,3.377e+05,-78340,0
15280,3.3768e+05,-78322,0
15281,3.3766e+05,-78304,0
15282,3.3765e+05,-78285,0
15283,3.3763e+05,-78267,0
15284,3.3762e+05,-78249,0
15285,3.376e+05,-78231,0
15286,3.3759e+05,-78213,0
15287,3.3757e+05,-78194,0
15288,3.3755e+05,-78176,0
15289,3.3754e+05,-78158,0
15290,3.3752e+05,-78140,0
15291,3.3751e+05,-78121,0
15292,3.3749e+05,-78103,0
15293,3.3748e+05,-78085,0
15294,3.3746e+05,-78067,0
15295,3.3744e+05,-78048,0
15296,3.3743e+05,-78030,0
15297,3.3741e+05,-78012,0
15298,3.374e+05,-77993,0
15299,3.3738e+05,-77975,0
15300,3.3737e+05,-77957,0
15301,3.3735e+05,-77938,0
15302,3.3733e+05,-77920,0
15303,3.3732e+05,-77902,0
15304,3.373e+05,-77883,0
15305,3.3729e+05,-77865,0
15306,3.3727e+05,-77847,0
15307,3.3725e+05,-77828,0
15308,3.3724e+05,-77810,0
15309,3.3722e+05,-77791,0
15310,3.3721e+05,-77773,0
15311,3.3719e+05,-77755,0
15312,3.3718e+05,-77736,0
15313,3.3716e+05,-77718,0
15314,3.3714e+05,-77699,0
15315,3.3713e+05,-77681,0
15316,3.3711e+05,-77662,0
15317,3.371e+05,-77644,0
15318,3.3708e+05,-77626,0
15319,3.3707e+05,-77607,0
15320,3.3705e+05,-77589,0
15321,3.3704e+05,-77570,0
15322,3.3702e+05,-77552,0
15323,3.37e+05,-77533,0
15324,3.3699e+05,-77515,0
15325,3.3697e+05,-77496,0
15326,3.3696e+05,-77478,0
15327,3.3694e+05,-77459,0
15328,3.3693e+05,-77441,0
15329,3.3691e+05,-77422,0
15330,3.3689e+05,-77403,0
15331,3.3688e+05,-77385,0
15332,3.3686e+05,-77366,0
15333,3.3685e+05,-77348,0
15334,3.3683e+05,-77329,0
15335,3.3682e+05,-77311,0
15336,3.368e+05,-77292,0
15337,3.3678e+05,-77273,0
15338,3.3677e+05,-77255,0
15339,3.3675e+05,-77236,0
15340,3.3674e+05,-77218,0
15341,3.3672e+05,-77199,0
15342,3.3671e+05,-77180,0
15343,3.3669e+05,-77162,0
15344,3.3668e+05,-77143,0
15345,3.3666e+05,-77124,0
15346,3.3664e+05,-77106,0
15347,3.3663e+05,-77087,0
15348,3.3661e+05,-77068,0
15349,3.366e+05,-77050,0
15350,3.3658e+05,-77031,0
15351,3.3657e+05,-77012,0
15352,3.3655e+05,-76994,0
15353,3.3654e+05,-76975,0
15354,3.3652e+05,-76956,0
15355,3.365e+05,-76937,0
15356,3.3649e+05,-76919,0
15357,3.3647e+05,-76900,0
15358,3.3646e+05,-76881,0
15359,3.3644e+05,-76862,0
15360,3.3643e+05,-76844,0
15361,3.3641e+05,-76825,0
15362,3.364e+05,-76806,0
15363,3.3638e+05,-76787,0
15364,3.3636e+05,-76769,0
15365,3.3635e+05,-76750,0
15366,3.3633e+05,-76731,0
15367,3.3632e+05,-76712,0
15368,3.363e+05,-76693,0
15369,3.3629e+05,-76674,0
15370,3.3627e+05,-76656,0
15371,3.3626e+05,-76637,0
15372,3.3624e+05,-76618,0
15373,3.3623e+05,-76599,0
15374,3.3621e+05,-76580,0
15375,3.3619e+05,-76561,0
15376,3.3618e+05,-76542,0
15377,3.3616e+05,-76524,0
15378,3.3615e+05,-76505,0
15379,3.3613e+05,-76486,0
15380,3.3612e+05,-76467,0
15381,3.361e+05,-76448,0
15382,3.3609e+05,-76429,0
15383,3.3607e+05,-76410,0
15384,3.3606e+05,-76391,0
15385,3.3604e+05,-76372,0
15386,3.3602e+05,-76353,0
15387,3.3601e+05,-76334,0
15388,3.3599e+05,-76315,0
15389,3.3598e+05,-76296,0
15390,3.3596e+05,-76277,0
15391,3.3595e+05,-76258,0
15392,3.3593e+05,-76239,0
15393,3.3592e+05,-76220,0
15394,3.359e+05,-76201,0
15395,3.3589e+05,-76182,0
15396,3.3587e+05,-76163,0
15397,3.3586e+05,-76144,0
15398,3.3584e+05,-76125,0
15399,3.3582e+05,-76106,0
15400,3.3581e+05,-76087,0
15401,3.3579e+05,-76068,0
15402,3.3578e+05,-76049,0
15403,3.3576e+05,-76030,0
15404,3.3575e+05,-76011,0
15405,3.3573e+05,-75992,0
15406,3.3572e+05,-75973,0
15407,3.357e+05,-75953,0
15408,3.3569e+05,-75934,0
15409,3.3567e+05,-75915,0
15410,3.3566e+05,-75896,0
15411,3.3564e+05,-75877,0
15412,3.3562e+05,-75858,0
15413,3.3561e+05,-75839,0
15414,3.3559e+05,-75820,0
15415,3.3558e+05,-75800,0
15416,3.3556e+05,-75781,0
15417,3.3555e+05,-75762,0
15418,3.3553e+05,-75743,0
15419,3.3552e+05,-75724,0
15420,3.355e+05,-75704,0
15421,3.3549e+05,-75685,0
15422,3.3547e+05,-75666,0
15423,3.3546e+05,-75647,0
15424,3.3544e+05,-75628,0
15425,3.3543e+05,-75608,0
15426,3.3541e+05,-75589,0
15427,3.354e+05,-75570,0
15428,3.3538e+05,-75551,0
15429,3.3536e+05,-75531,0
15430,3.3535e+05,-75512,0
15431,3.3533e+05,-75493,0
15432,3.3532e+05,-75473,0
15433,3.353e+05,-75454,0
15434,3.3529e+05,-75435,0
15435,3.3527e+05,-75416,0
15436,3.3526e+05,-75396,0
15437,3.3524e+05,-75377,0
15438,3.3523e+05,-75358,0
15439,3.3521e+05,-75338,0
15440,3.352e+05,-75319,0
15441,3.3518e+05,-75299,0
15442,3.3517e+05,-75280,0
15443,3.3515e+05,-75261,0
15444,3.3514e+05,-75241,0
15445,3.3512e+05,-75222,0
15446,3.3511e+05,-75203,0
15447,3.3509e+05,-75183,0
15448,3.3508e+05,-75164,0
15449,3.3506e+05,-75144,0
15450,3.3505e+05,-75125,0
15451,3.3503e+05,-75106,0
15452,3.3502e+05,-75086,0
15453,3.35e+05,-75067,0
15454,3.3498e+05,-75047,0
15455,3.3497e+05,-75028,0
15456,3.3495e+05,-75008,0
15457,3.3494e+05,-74989,0
15458,3.3492e+05,-74969,0
15459,3.3491e+05,-74950,0
15460,3.3489e+05,-74930,0
15461,3.3488e+05,-74911,0
15462,3.3486e+05,-74891,0
15463,3.3485e+05,-74872,0
15464,3.3483e+05,-74852,0
15465,3.3482e+05,-74833,0
15466,3.348e+05,-74813,0
15467,3.3479e+05,-74794,0
15468,3.3477e+05,-74774,0
15469,3.3476e+05,-74755,0
15470,3.3474e+05,-74735,0
15471,3.3473e+05,-74716,0
15472,3.3471e+05,-74696,0
15473,3.347e+05,-74676,0
15474,3.3468e+05,-74657,0
15475,3.3467e+05,-74637,0
15476,3.3465e+05,-74618,0
15477,3.3464e+05,-74598,0
15478,3.3462e+05,-74578,0
15479,3.3461e+05,-74559,0
15480,3.3459e+05,-74539,0
15481,3.3458e+05,-74519,0
15482,3.3456e+05,-74500,0
15483,3.3455e+05,-74480,0
15484,3.3453e+05,-74460,0
15485,3.3452e+05,-74441,0
15486,3.345e+05,-74421,0
15487,3.3449e+05,-74401,0
15488,3.3447e+05,-74382,0
15489,3.3446e+05,-74362,0
15490,3.3444e+05,-74342,0
15491,3.3443e+05,-74323,0
15492,3.3441e+05,-74303,0
15493,3.344e+05,-74283,0
15494,3.3438e+05,-74263,0
15495,3.3437e+05,-74244,0
15496,3.3435e+05,-74224,0
15497,3.3434e+05,-74204,0
15498,3.3432e+05,-74184,0
15499,3.3431e+05,-74165,0
15500,3.3429e+05,-74145,0
15501,3.3428e+05,-74125,0
15502,3.3426e+05,-74105,0
15503,3.3425e+05,-74085,0
15504,3.3423e+05,-74066,0
15505,3.3422e+05,-74046,0
15506,3.342e+05,-74026,0
15507,3.3419e+05,-74006,0
15508,3.3417e+05,-73986,0
15509,3.3416e+05,-73967,0
15510,3.3414e+05,-73947,0
15511,3.3413e+05,-73927,0
15512,3.3411e+05,-73907,0
15513,3.341e+05,-73887,0
15514,3.3408e+05,-73867,0
15515,3.3407e+05,-73847,0
15516,3.3405e+05,-73827,0
15517,3.3404e+05,-73808,0
15518,3.3402e+05,-73788,0
15519,3.3401e+05,-73768,0
15520,3.3399e+05,-73748,0
15521,3.3398e+05,-73728,0
15522,3.3396e+05,-73708,0
15523,3.3395e+05,-73688,0
15524,3.3393e+05,-73668,0
15525,3.3392e+05,-73648,0
15526,3.339e+05,-73628,0
15527,3.3389e+05,-73608,0
15528,3.3387e+05,-73588,0
15529,3.3386e+05,-73568,0
15530,3.3384e+05,-73548,0
15531,3.3383e+05,-73528,0
15532,3.3381e+05,-73508,0
15533,3.338e+05,-73488,0
15534,3.3379e+05,-73468,0
15535,3.3377e+05,-73448,0
15536,3.3376e+05,-73428,0
15537,3.3374e+05,-73408,0
15538,3.3373e+05,-73388,0
15539,3.3371e+05,-73368,0
15540,3.337e+05,-73348,0
15541,3.3368e+05,-73328,0
15542,3.3367e+05,-73308,0
15543,3.3365e+05,-73288,0
15544,3.3364e+05,-73267,0
15545,3.3362e+05,-73247,0
15546,3.3361e+05,-73227,0
15547,3.3359e+05,-73207,0
15548,3.3358e+05,-73187,0
15549,3.3356e+05,-73167,0
15550,3.3355e+05,-73147,0
15551,3.3353e+05,-73127,0
15552,3.3352e+05,-73106,0
15553,3.335e+05,-73086,0
15554,3.3349e+05,-73066,0
15555,3.3347e+05,-73046,0
15556,3.3346e+05,-73026,0
15557,3.3344e+05,-73006,0
15558,3.3343e+05,-72985,0
15559,3.3342e+05,-72965,0
15560,3.334e+05,-72945,0
15561,3.3339e+05,-72925,0
15562,3.3337e+05,-72905,0
15563,3.3336e+05,-72884,0
15564,3.3334e+05,-72864,0
15565,3.3333e+05,-72844,0
15566,3.3331e+05,-72824,0
15567,3.333e+05,-72803,0
15568,3.3328e+05,-72783,0
15569,3.3327e+05,-72763,0
15570,3.3325e+05,-72743,0
15571,3.3324e+05,-72722,0
15572,3.3322e+05,-72702,0
15573,3.3321e+05,-72682,0
15574,3.3319e+05,-72661,0
15575,3.3318e+05,-72641,0
15576,3.3317e+05,-72621,0
15577,3.3315e+05,-72600,0
15578,3.3314e+05,-72580,0
15579,3.3312e+05,-72560,0
15580,3.3311e+05,-72539,0
15581,3.3309e+05,-72519,0
15582,3.3308e+05,-72499,0
15583,3.3306e+05,-72478,0
15584,3.3305e+05,-72458,0
15585,3.3303e+05,-72438,0
15586,3.3302e+05,-72417,0
15587,3.33e+05,-72397,0
15588,3.3299e+05,-72376,0
15589,3.3298e+05,-72356,0
15590,3.3296e+05,-72336,0
15591,3.3295e+05,-72315,0
15592,3.3293e+05,-72295,0
15593,3.3292e+05,-72274,0
15594,3.329e+05,-72254,0
15595,3.3289e+05,-72233,0
15596,3.3287e+05,-72213,0
15597,3.3286e+05,-72192,0
15598,3.3284e+05,-72172,0
15599,3.3283e+05,-72151,0
15600,3.3281e+05,-72131,0
15601,3.328e+05,-72110,0
15602,3.3279e+05,-72090,0
15603,3.3277e+05,-72069,0
15604,3.3276e+05,-72049,0
15605,3.3274e+05,-72028,0
15606,3.3273e+05,-72008,0
15607,3.3271e+05,-71987,0
15608,3.327e+05,-71967,0
15609,3.3268e+05,-71946,0
15610,3.3267e+05,-71926,0
15611,3.3265e+05,-71905,0
15612,3.3264e+05,-71885,0
15613,3.3263e+05,-71864,0
15614,3.3261e+05,-71843,0
15615,3.326e+05,-71823,0
15616,3.3258e+05,-71802,0
15617,3.3257e+05,-71782,0
15618,3.3255e+05,-71761,0
15619,3.3254e+05,-71740,0
15620,3.3252e+05,-71720,0
15621,3.3251e+05,-71699,0
15622,3.325e+05,-71678,0
15623,3.3248e+05,-71658,0
15624,3.3247e+05,-71637,0
15625,3.3245e+05,-71616,0
15626,3.3244e+05,-71596,0
15627,3.3242e+05,-71575,0
15628,3.3241e+05,-71554,0
15629,3.3239e+05,-71534,0
15630,3.3238e+05,-71513,0
15631,3.3237e+05,-71492,0
15632,3.3235e+05,-71472,0
15633,3.3234e+05,-71451,0
15634,3.3232e+05,-71430,0
15635,3.3231e+05,-71409,0
15636,3.3229e+05,-71389,0
15637,3.3228e+05,-71368,0
15638,3.3226e+05,-71347,0
15639,3.3225e+05,-71326,0
15640,3.3224e+05,-71306,0
15641,3.3222e+05,-71285,0
15642,3.3221e+05,-71264,0
15643,3.3219e+05,-71243,0
15644,3.3218e+05,-71222,0
15645,3.3216e+05,-71202,0
15646,3.3215e+05,-71181,0
15647,3.3213e+05,-71160,0
15648,3.3212e+05,-71139,0
15649,3.3211e+05,-71118,0
15650,3.3209e+05,-71097,0
15651,3.3208e+05,-71077,0
15652,3.3206e+05,-71056,0
15653,3.3205e+05,-71035,0
15654,3.3203e+05,-71014,0
15655,3.3202e+05,-70993,0
15656,3.3201e+05,-70972,0
15657,3.3199e+05,-70951,0
15658,3.3198e+05,-70930,0
15659,3.3196e+05,-70910,0
15660,3.3195e+05,-70889,0
15661,3.3193e+05,-70868,0
15662,3.3192e+05,-70847,0
15663,3.3191e+05,-70826,0
15664,3.3189e+05,-70805,0
15665,3.3188e+05,-70784,0
15666,3.3186e+05,-70763,0
15667,3.3185e+05,-70742,0
15668,3.3183e+05,-70721,0
15669,3.3182e+05,-70700,0
15670,3.3181e+05,-70679,0
15671,3.3179e+05,-70658,0
15672,3.3178e+05,-70637,0
15673,3.3176e+05,-70616,0
15674,3.3175e+05,-70595,0
15675,3.3173e+05,-70574,0
15676,3.3172e+05,-70553,0
15677,3.3171e+05,-70532,0
15678,3.3169e+05,-70511,0
15679,3.3168e+05,-70490,0
15680,3.3166e+05,-70469,0
15681,3.3165e+05,-70448,0
15682,3.3163e+05,-70427,0
15683,3.3162e+05,-70406,0
15684,3.3161e+05,-70385,0
15685,3.3159e+05,-70364,0
15686,3.3158e+05,-70342,0
15687,3.3156e+05,-70321,0
15688,3.3155e+05,-70300,0
15689,3.3153e+05,-70279,0
15690,3.3152e+05,-70258,0
15691,3.3151e+05,-70237,0
15692,3.3149e+05,-70216,0
15693,3.3148e+05,-70195,0
15694,3.3146e+05,-70173,0
15695,3.3145e+05,-70152,0
15696,3.3144e+05,-70131,0
15697,3.3142e+05,-70110,0
15698,3.3141e+05,-70089,0
15699,3.3139e+05,-70068,0
15700,3.3138e+05,-70046,0
15701,3.3136e+05,-70025,0
15702,3.3135e+05,-70004,0
15703,3.3134e+05,-69983,0
15704,3.3132e+05,-69962,0
15705,3.3131e+05,-69940,0
15706,3.3129e+05,-69919,0
15707,3.3128e+05,-69898,0
15708,3.3127e+05,-69877,0
15709,3.3125e+05,-69855,0
15710,3.3124e+05,-69834,0
15711,3.3122e+05,-69813,0
15712,3.3121e+05,-69792,0
15713,3.312e+05,-69770,0
15714,3.3118e+05,-69749,0
15715,3.3117e+05,-69728,0
15716,3.3115e+05,-69706,0
15717,3.3114e+05,-69685,0
15718,3.3112e+05,-69664,0
15719,3.3111e+05,-69642,0
15720,3.311e+05,-69621,0
15721,3.3108e+05,-69600,0
15722,3.3107e+05,-69578,0
15723,3.3105e+05,-69557,0
15724,3.3104e+05,-69536,0
15725,3.3103e+05,-69514,0
15726,3.3101e+05,-69493,0
15727,3.31e+05,-69472,0
15728,3.3098e+05,-69450,0
15729,3.3097e+05,-69429,0
15730,3.3096e+05,-69407,0
15731,3.3094e+05,-69386,0
15732,3.3093e+05,-69365,0
15733,3.3091e+05,-69343,0
15734,3.309e+05,-69322,0
15735,3.3089e+05,-69300,0
15736,3.3087e+05,-69279,0
15737,3.3086e+05,-69257,0
15738,3.3084e+05,-69236,0
15739,3.3083e+05,-69215,0
15740,3.3082e+05,-69193,0
15741,3.308e+05,-69172,0
15742,3.3079e+05,-69150,0
15743,3.3077e+05,-69129,0
15744,3.3076e+05,-69107,0
15745,3.3075e+05,-69086,0
15746,3.3073e+05,-69064,0
15747,3.3072e+05,-69043,0
15748,3.307e+05,-69021,0
15749,3.3069e+05,-69000,0
15750,3.3068e+05,-68978,0
15751,3.3066e+05,-68957,0
15752,3.3065e+05,-68935,0
15753,3.3064e+05,-68913,0
15754,3.3062e+05,-68892,0
15755,3.3061e+05,-68870,0
15756,3.3059e+05,-68849,0
15757,3.3058e+05,-68827,0
15758,3.3057e+05,-68806,0
15759,3.3055e+05,-68784,0
15760,3.3054e+05,-68762,0
15761,3.3052e+05,-68741,0
15762,3.3051e+05,-68719,0
15763,3.305e+05,-68697,0
15764,3.3048e+05,-68676,0
15765,3.3047e+05,-68654,0
15766,3.3045e+05,-68633,0
15767,3.3044e+05,-68611,0
15768,3.3043e+05,-68589,0
15769,3.3041e+05,-68568,0
15770,3.304e+05,-68546,0
15771,3.3039e+05,-68524,0
15772,3.3037e+05,-68503,0
15773,3.3036e+05,-68481,0
15774,3.3034e+05,-68459,0
15775,3.3033e+05,-68437,0
15776,3.3032e+05,-68416,0
15777,3.303e+05,-68394,0
15778,3.3029e+05,-68372,0
15779,3.3027e+05,-68350,0
15780,3.3026e+05,-68329,0
15781,3.3025e+05,-68307,0
15782,3.3023e+05,-68285,0
15783,3.3022e+05,-68263,0
15784,3.3021e+05,-68242,0
15785,3.3019e+05,-68220,0
15786,3.3018e+05,-68198,0
15787,3.3016e+05,-68176,0
15788,3.3015e+05,-68155,0
15789,3.3014e+05,-68133,0
15790,3.3012e+05,-68111,0
15791,3.3011e+05,-68089,0
15792,3.301e+05,-68067,0
15793,3.3008e+05,-68045,0
15794,3.3007e+05,-68024,0
15795,3.3005e+05,-68002,0
15796,3.3004e+05,-67980,0
15797,3.3003e+05,-67958,0
15798,3.3001e+05,-67936,0
15799,3.3e+05,-67914,0
15800,3.2999e+05,-67892,0
15801,3.2997e+05,-67871,0
15802,3.2996e+05,-67849,0
15803,3.2994e+05,-67827,0
15804,3.2993e+05,-67805,0
15805,3.2992e+05,-67783,0
15806,3.299e+05,-67761,0
15807,3.2989e+05,-67739,0
15808,3.2988e+05,-67717,0
15809,3.2986e+05,-67695,0
15810,3.2985e+05,-67673,0
15811,3.2983e+05,-67651,0
15812,3.2982e+05,-67629,0
15813,3.2981e+05,-67607,0
15814,3.2979e+05,-67585,0
15815,3.2978e+05,-67563,0
15816,3.2977e+05,-67541,0
15817,3.2975e+05,-67519,0
15818,3.2974e+05,-67497,0
15819,3.2973e+05,-67475,0
15820,3.2971e+05,-67453,0
15821,3.297e+05,-67431,0
15822,3.2968e+05,-67409,0
15823,3.2967e+05,-67387,0
15824,3.2966e+05,-67365,0
15825,3.2964e+05,-67343,0
15826,3.2963e+05,-67321,0
15827,3.2962e+05,-67299,0
15828,3.296e+05,-67277,0
15829,3.2959e+05,-67255,0
15830,3.2958e+05,-67233,0
15831,3.2956e+05,-67211,0
15832,3.2955e+05,-67189,0
15833,3.2954e+05,-67167,0
15834,3.2952e+05,-67145,0
15835,3.2951e+05,-67122,0
15836,3.2949e+05,-67100,0
15837,3.2948e+05,-67078,0
15838,3.2947e+05,-67056,0
15839,3.2945e+05,-67034,0
15840,3.2944e+05,-67012,0
15841,3.2943e+05,-66990,0
15842,3.2941e+05,-66967,0
15843,3.294e+05,-66945,0
15844,3.2939e+05,-66923,0
15845,3.2937e+05,-66901,0
15846,3.2936e+05,-66879,0
15847,3.2935e+05,-66856,0
15848,3.2933e+05,-66834,0
15849,3.2932e+05,-66812,0
15850,3.293e+05,-66790,0
15851,3.2929e+05,-66768,0
15852,3.2928e+05,-66745,0
15853,3.2926e+05,-66723,0
15854,3.2925e+05,-66701,0
15855,3.2924e+05,-66679,0
15856,3.2922e+05,-66656,0
15857,3.2921e+05,-66634,0
15858,3.292e+05,-66612,0
15859,3.2918e+05,-66590,0
15860,3.2917e+05,-66567,0
15861,3.2916e+05,-66545,0
15862,3.2914e+05,-66523,0
15863,3.2913e+05,-66500,0
15864,3.2912e+05,-66478,0
15865,3.291e+05,-66456,0
15866,3.2909e+05,-66433,0
15867,3.2908e+05,-66411,0
15868,3.2906e+05,-66389,0
15869,3.2905e+05,-66366,0
15870,3.2904e+05,-66344,0
15871,3.2902e+05,-66322,0
15872,3.2901e+05,-66299,0
15873,3.29e+05,-66277,0
15874,3.2898e+05,-66255,0
15875,3.2897e+05,-66232,0
15876,3.2896e+05,-66210,0
15877,3.2894e+05,-66187,0
15878,3.2893e+05,-66165,0
15879,3.2892e+05,-66143,0
15880,3.289e+05,-66120,0
15881,3.2889e+05,-66098,0
15882,3.2888e+05,-66075,0
15883,3.2886e+05,-66053,0
15884,3.2885e+05,-66030,0
15885,3.2884e+05,-66008,0
15886,3.2882e+05,-65985,0
15887,3.2881e+05,-65963,0
15888,3.288e+05,-65940,0
15889,3.2878e+05,-65918,0
15890,3.2877e+05,-65896,0
15891,3.2876e+05,-65873,0
15892,3.2874e+05,-65851,0
15893,3.2873e+05,-65828,0
15894,3.2872e+05,-65805,0
15895,3.287e+05,-65783,0
15896,3.2869e+05,-65760,0
15897,3.2868e+05,-65738,0
15898,3.2866e+05,-65715,0
15899,3.2865e+05,-65693,0
15900,3.2864e+05,-65670,0
15901,3.2862e+05,-65648,0
15902,3.2861e+05,-65625,0
15903,3.286e+05,-65603,0
15904,3.2858e+05,-65580,0
15905,3.2857e+05,-65557,0
15906,3.2856e+05,-65535,0
15907,3.2854e+05,-65512,0
15908,3.2853e+05,-65490,0
15909,3.2852e+05,-65467,0
15910,3.285e+05,-65444,0
15911,3.2849e+05,-65422,0
15912,3.2848e+05,-65399,0
15913,3.2846e+05,-65376,0
15914,3.2845e+05,-65354,0
15915,3.2844e+05,-65331,0
15916,3.2842e+05,-65308,0
15917,3.2841e+05,-65286,0
15918,3.284e+05,-65263,0
15919,3.2838e+05,-65240,0
15920,3.2837e+05,-65218,0
15921,3.2836e+05,-65195,0
15922,3.2834e+05,-65172,0
15923,3.2833e+05,-65150,0
15924,3.2832e+05,-65127,0
15925,3.2831e+05,-65104,0
15926,3.2829e+05,-65081,0
15927,3.2828e+05,-65059,0
15928,3.2827e+05,-65036,0
15929,3.2825e+05,-65013,0
15930,3.2824e+05,-64990,0
15931,3.2823e+05,-64968,0
15932,3.2821e+05,-64945,0
15933,3.282e+05,-64922,0
15934,3.2819e+05,-64899,0
15935,3.2817e+05,-64877,0
15936,3.2816e+05,-64854,0
15937,3.2815e+05,-64831,0
15938,3.2813e+05,-64808,0
15939,3.2812e+05,-64785,0
15940,3.2811e+05,-64763,0
15941,3.2809e+05,-64740,0
15942,3.2808e+05,-64717,0
15943,3.2807e+05,-64694,0
15944,3.2806e+05,-64671,0
15945,3.2804e+05,-64648,0
15946,3.2803e+05,-64626,0
15947,3.2802e+05,-64603,0
15948,3.28e+05,-64580,0
15949,3.2799e+05,-64557,0
15950,3.2798e+05,-64534,0
15951,3.2796e+05,-64511,0
15952,3.2795e+05,-64488,0
15953,3.2794e+05,-64465,0
15954,3.2793e+05,-64442,0
15955,3.2791e+05,-64419,0
15956,3.279e+05,-64397,0
15957,3.2789e+05,-64374,0
15958,3.2787e+05,-64351,0
15959,3.2786e+05,-64328,0
15960,3.2785e+05,-64305,0
15961,3.2783e+05,-64282,0
15962,3.2782e+05,-64259,0
15963,3.2781e+05,-64236,0
15964,3.278e+05,-64213,0
15965,3.2778e+05,-64190,0
15966,3.2777e+05,-64167,0
15967,3.2776e+05,-64144,0
15968,3.2774e+05,-64121,0
15969,3.2773e+05,-64098,0
15970,3.2772e+05,-64075,0
15971,3.277e+05,-64052,0
15972,3.2769e+05,-64029,0
15973,3.2768e+05,-64006,0
15974,3.2767e+05,-63983,0
15975,3.2765e+05,-63960,0
15976,3.2764e+05,-63937,0
15977,3.2763e+05,-63914,0
15978,3.2761e+05,-63890,0
15979,3.276e+05,-63867,0
15980,3.2759e+05,-63844,0
15981,3.2757e+05,-63821,0
15982,3.2756e+05,-63798,0
15983,3.2755e+05,-63775,0
15984,3.2754e+05,-63752,0
15985,3.2752e+05,-63729,0
15986,3.2751e+05,-63706,0
15987,3.275e+05,-63682,0
15988,3.2748e+05,-63659,0
15989,3.2747e+05,-63636,0
15990,3.2746e+05,-63613,0
15991,3.2745e+05,-63590,0
15992,3.2743e+05,-63567,0
15993,3.2742e+05,-63544,0
15994,3.2741e+05,-63520,0
15995,3.2739e+05,-63497,0
15996,3.2738e+05,-63474,0
15997,3.2737e+05,-63451,0
15998,3.2736e+05,-63428,0
15999,3.2734e+05,-63404,0
16000,3.2733e+05,-63381,0
16001,3.2732e+05,-63358,0
16002,3.273e+05,-63335,0
16003,3.2729e+05,-63311,0
16004,3.2728e+05,-63288,0
16005,3.2727e+05,-63265,0
16006,3.2725e+05,-63242,0
16007,3.2724e+05,-63218,0
16008,3.2723e+05,-63195,0
16009,3.2722e+05,-63172,0
16010,3.272e+05,-63149,0
16011,3.2719e+05,-63125,0
16012,3.2718e+05,-63102,0
16013,3.2716e+05,-63079,0
16014,3.2715e+05,-63055,0
16015,3.2714e+05,-63032,0
16016,3.2713e+05,-63009,0
16017,3.2711e+05,-62985,0
16018,3.271e+05,-62962,0
16019,3.2709e+05,-62939,0
16020,3.2707e+05,-62915,0
16021,3.2706e+05,-62892,0
16022,3.2705e+05,-62869,0
16023,3.2704e+05,-62845,0
16024,3.2702e+05,-62822,0
16025,3.2701e+05,-62799,0
16026,3.27e+05,-62775,0
16027,3.2699e+05,-62752,0
16028,3.2697e+05,-62728,0
16029,3.2696e+05,-62705,0
16030,3.2695e+05,-62682,0
16031,3.2694e+05,-62658,0
16032,3.2692e+05,-62635,0
16033,3.2691e+05,-62611,0
16034,3.269e+05,-62588,0
16035,3.2688e+05,-62564,0
16036,3.2687e+05,-62541,0
16037,3.2686e+05,-62518,0
16038,3.2685e+05,-62494,0
16039,3.2683e+05,-62471,0
16040,3.2682e+05,-62447,0
16041,3.2681e+05,-62424,0
16042,3.268e+05,-62400,0
16043,3.2678e+05,-62377,0
16044,3.2677e+05,-62353,0
16045,3.2676e+05,-62330,0
16046,3.2675e+05,-62306,0
16047,3.2673e+05,-62283,0
16048,3.2672e+05,-62259,0
16049,3.2671e+05,-62236,0
16050,3.2669e+05,-62212,0
16051,3.2668e+05,-62188,0
16052,3.2667e+05,-62165,0
16053,3.2666e+05,-62141,0
16054,3.2664e+05,-62118,0
16055,3.2663e+05,-62094,0
16056,3.2662e+05,-62071,0
16057,3.2661e+05,-62047,0
16058,3.2659e+05,-62023,0
16059,3.2658e+05,-62000,0
16060,3.2657e+05,-61976,0
16061,3.2656e+05,-61953,0
16062,3.2654e+05,-61929,0
16063,3.2653e+05,-61905,0
16064,3.2652e+05,-61882,0
16065,3.2651e+05,-61858,0
16066,3.2649e+05,-61834,0
16067,3.2648e+05,-61811,0
16068,3.2647e+05,-61787,0
16069,3.2646e+05,-61763,0
16070,3.2644e+05,-61740,0
16071,3.2643e+05,-61716,0
16072,3.2642e+05,-61692,0
16073,3.2641e+05,-61669,0
16074,3.2639e+05,-61645,0
16075,3.2638e+05,-61621,0
16076,3.2637e+05,-61598,0
16077,3.2636e+05,-61574,0
16078,3.2634e+05,-61550,0
16079,3.2633e+05,-61526,0
16080,3.2632e+05,-61503,0
16081,3.2631e+05,-61479,0
16082,3.2629e+05,-61455,0
16083,3.2628e+05,-61431,0
16084,3.2627e+05,-61408,0
16085,3.2626e+05,-61384,0
16086,3.2624e+05,-61360,0
16087,3.2623e+05,-61336,0
16088,3.2622e+05,-61313,0
16089,3.2621e+05,-61289,0
16090,3.2619e+05,-61265,0
16091,3.2618e+05,-61241,0
16092,3.2617e+05,-61217,0
16093,3.2616e+05,-61194,0
16094,3.2615e+05,-61170,0
16095,3.2613e+05,-61146,0
16096,3.2612e+05,-61122,0
16097,3.2611e+05,-61098,0
16098,3.261e+05,-61074,0
16099,3.2608e+05,-61050,0
16100,3.2607e+05,-61027,0
16101,3.2606e+05,-61003,0
16102,3.2605e+05,-60979,0
16103,3.2603e+05,-60955,0
16104,3.2602e+05,-60931,0
16105,3.2601e+05,-60907,0
16106,3.26e+05,-60883,0
16107,3.2598e+05,-60859,0
16108,3.2597e+05,-60835,0
16109,3.2596e+05,-60812,0
16110,3.2595e+05,-60788,0
16111,3.2594e+05,-60764,0
16112,3.2592e+05,-60740,0
16113,3.2591e+05,-60716,0
16114,3.259e+05,-60692,0
16115,3.2589e+05,-60668,0
16116,3.2587e+05,-60644,0
16117,3.2586e+05,-60620,0
16118,3.2585e+05,-60596,0
16119,3.2584e+05,-60572,0
16120,3.2582e+05,-60548,0
16121,3.2581e+05,-60524,0
16122,3.258e+05,-60500,0
16123,3.2579e+05,-60476,0
16124,3.2578e+05,-60452,0
16125,3.2576e+05,-60428,0
16126,3.2575e+05,-60404,0
16127,3.2574e+05,-60380,0
16128,3.2573e+05,-60356,0
16129,3.2571e+05,-60332,0
16130,3.257e+05,-60308,0
16131,3.2569e+05,-60284,0
16132,3.2568e+05,-60260,0
16133,3.2567e+05,-60235,0
16134,3.2565e+05,-60211,0
16135,3.2564e+05,-60187,0
16136,3.2563e+05,-60163,0
16137,3.2562e+05,-60139,0
16138,3.256e+05,-60115,0
16139,3.2559e+05,-60091,0
16140,3.2558e+05,-60067,0
16141,3.2557e+05,-60043,0
16142,3.2556e+05,-60019,0
16143,3.2554e+05,-59994,0
16144,3.2553e+05,-59970,0
16145,3.2552e+05,-59946,0
16146,3.2551e+05,-59922,0
16147,3.255e+05,-59898,0
16148,3.2548e+05,-59874,0
16149,3.2547e+05,-59849,0
16150,3.2546e+05,-59825,0
16151,3.2545e+05,-59801,0
16152,3.2543e+05,-59777,0
16153,3.2542e+05,-59753,0
16154,3.2541e+05,-59728,0
16155,3.254e+05,-59704,0
16156,3.2539e+05,-59680,0
16157,3.2537e+05,-59656,0
16158,3.2536e+05,-59632,0
16159,3.2535e+05,-59607,0
16160,3.2534e+05,-59583,0
16161,3.2533e+05,-59559,0
16162,3.2531e+05,-59535,0
16163,3.253e+05,-59510,0
16164,3.2529e+05,-59486,0
16165,3.2528e+05,-59462,0
16166,3.2527e+05,-59437,0
16167,3.2525e+05,-59413,0
16168,3.2524e+05,-59389,0
16169,3.2523e+05,-59365,0
16170,3.2522e+05,-59340,0
16171,3.2521e+05,-59316,0
16172,3.2519e+05,-59292,0
16173,3.2518e+05,-59267,0
16174,3.2517e+05,-59243,0
16175,3.2516e+05,-59219,0
16176,3.2515e+05,-59194,0
16177,3.2513e+05,-59170,0
16178,3.2512e+05,-59146,0
16179,3.2511e+05,-59121,0
16180,3.251e+05,-59097,0
16181,3.2509e+05,-59072,0
16182,3.2507e+05,-59048,0
16183,3.2506e+05,-59024,0
16184,3.2505e+05,-58999,0
16185,3.2504e+05,-58975,0
16186,3.2503e+05,-58950,0
16187,3.2501e+05,-58926,0
16188,3.25e+05,-58902,0
16189,3.2499e+05,-58877,0
16190,3.2498e+05,-58853,0
16191,3.2497e+05,-58828,0
16192,3.2495e+05,-58804,0
16193,3.2494e+05,-58779,0
16194,3.2493e+05,-58755,0
16195,3.2492e+05,-58731,0
16196,3.2491e+05,-58706,0
16197,3.2489e+05,-58682,0
16198,3.2488e+05,-58657,0
16199,3.2487e+05,-58633,0
16200,3.2486e+05,-58608,0
16201,3.2485e+05,-58584,0
16202,3.2484e+05,-58559,0
16203,3.2482e+05,-58535,0
16204,3.2481e+05,-58510,0
16205,3.248e+05,-58486,0
16206,3.2479e+05,-58461,0
16207,3.2478e+05,-58436,0
16208,3.2476e+05,-58412,0
16209,3.2475e+05,-58387,0
16210,3.2474e+05,-58363,0
16211,3.2473e+05,-58338,0
16212,3.2472e+05,-58314,0
16213,3.247e+05,-58289,0
16214,3.2469e+05,-58264,0
16215,3.2468e+05,-58240,0
16216,3.2467e+05,-58215,0
16217,3.2466e+05,-58191,0
16218,3.2465e+05,-58166,0
16219,3.2463e+05,-58141,0
16220,3.2462e+05,-58117,0
16221,3.2461e+05,-58092,0
16222,3.246e+05,-58068,0
16223,3.2459e+05,-58043,0
16224,3.2458e+05,-58018,0
16225,3.2456e+05,-57994,0
16226,3.2455e+05,-57969,0
16227,3.2454e+05,-57944,0
16228,3.2453e+05,-57920,0
16229,3.2452e+05,-57895,0
16230,3.245e+05,-57870,0
16231,3.2449e+05,-57846,0
16232,3.2448e+05,-57821,0
16233,3.2447e+05,-57796,0
16234,3.2446e+05,-57772,0
16235,3.2445e+05,-57747,0
16236,3.2443e+05,-57722,0
16237,3.2442e+05,-57697,0
16238,3.2441e+05,-57673,0
16239,3.244e+05,-57648,0
16240,3.2439e+05,-57623,0
16241,3.2438e+05,-57598,0
16242,3.2436e+05,-57574,0
16243,3.2435e+05,-57549,0
16244,3.2434e+05,-57524,0
16245,3.2433e+05,-57499,0
16246,3.2432e+05,-57475,0
16247,3.2431e+05,-57450,0
16248,3.2429e+05,-57425,0
16249,3.2428e+05,-57400,0
16250,3.2427e+05,-57375,0
16251,3.2426e+05,-57351,0
16252,3.2425e+05,-57326,0
16253,3.2424e+05,-57301,0
16254,3.2422e+05,-57276,0
16255,3.2421e+05,-57251,0
16256,3.242e+05,-57226,0
16257,3.2419e+05,-57202,0
16258,3.2418e+05,-57177,0
16259,3.2417e+05,-57152,0
16260,3.2415e+05,-57127,0
16261,3.2414e+05,-57102,0
16262,3.2413e+05,-57077,0
16263,3.2412e+05,-57052,0
16264,3.2411e+05,-57027,0
16265,3.241e+05,-57003,0
16266,3.2409e+05,-56978,0
16267,3.2407e+05,-56953,0
16268,3.2406e+05,-56928,0
16269,3.2405e+05,-56903,0
16270,3.2404e+05,-56878,0
16271,3.2403e+05,-56853,0
16272,3.2402e+05,-56828,0
16273,3.24e+05,-56803,0
16274,3.2399e+05,-56778,0
16275,3.2398e+05,-56753,0
16276,3.2397e+05,-56728,0
16277,3.2396e+05,-56703,0
16278,3.2395e+05,-56678,0
16279,3.2394e+05,-56653,0
16280,3.2392e+05,-56628,0
16281,3.2391e+05,-56603,0
16282,3.239e+05,-56578,0
16283,3.2389e+05,-56553,0
16284,3.2388e+05,-56528,0
16285,3.2387e+05,-56503,0
16286,3.2386e+05,-56478,0
16287,3.2384e+05,-56453,0
16288,3.2383e+05,-56428,0
16289,3.2382e+05,-56403,0
16290,3.2381e+05,-56378,0
16291,3.238e+05,-56353,0
16292,3.2379e+05,-56328,0
16293,3.2377e+05,-56303,0
16294,3.2376e+05,-56278,0
16295,3.2375e+05,-56253,0
16296,3.2374e+05,-56228,0
16297,3.2373e+05,-56203,0
16298,3.2372e+05,-56177,0
16299,3.2371e+05,-56152,0
16300,3.237e+05,-56127,0
16301,3.2368e+05,-56102,0
16302,3.2367e+05,-56077,0
16303,3.2366e+05,-56052,0
16304,3.2365e+05,-56027,0
16305,3.2364e+05,-56002,0
16306,3.2363e+05,-55976,0
16307,3.2362e+05,-55951,0
16308,3.236e+05,-55926,0
16309,3.2359e+05,-55901,0
16310,3.2358e+05,-55876,0
16311,3.2357e+05,-55851,0
16312,3.2356e+05,-55825,0
16313,3.2355e+05,-55800,0
16314,3.2354e+05,-55775,0
16315,3.2352e+05,-55750,0
16316,3.2351e+05,-55725,0
16317,3.235e+05,-55699,0
16318,3.2349e+05,-55674,0
16319,3.2348e+05,-55649,0
16320,3.2347e+05,-55624,0
16321,3.2346e+05,-55599,0
16322,3.2345e+05,-55573,0
16323,3.2343e+05,-55548,0
16324,3.2342e+05,-55523,0
16325,3.2341e+05,-55498,0
16326,3.234e+05,-55472,0
16327,3.2339e+05,-55447,0
16328,3.2338e+05,-55422,0
16329,3.2337e+05,-55396,0
16330,3.2336e+05,-55371,0
16331,3.2334e+05,-55346,0
16332,3.2333e+05,-55321,0
16333,3.2332e+05,-55295,0
16334,3.2331e+05,-55270,0
16335,3.233e+05,-55245,0
16336,3.2329e+05,-55219,0
16337,3.2328e+05,-55194,0
16338,3.2327e+05,-55169,0
16339,3.2325e+05,-55143,0
16340,3.2324e+05,-55118,0
16341,3.2323e+05,-55093,0
16342,3.2322e+05,-55067,0
16343,3.2321e+05,-55042,0
16344,3.232e+05,-55016,0
16345,3.2319e+05,-54991,0
16346,3.2318e+05,-54966,0
16347,3.2317e+05,-54940,0
16348,3.2315e+05,-54915,0
16349,3.2314e+05,-54889,0
16350,3.2313e+05,-54864,0
16351,3.2312e+05,-54839,0
16352,3.2311e+05,-54813,0
16353,3.231e+05,-54788,0
16354,3.2309e+05,-54762,0
16355,3.2308e+05,-54737,0
16356,3.2306e+05,-54711,0
16357,3.2305e+05,-54686,0
16358,3.2304e+05,-54661,0
16359,3.2303e+05,-54635,0
16360,3.2302e+05,-54610,0
16361,3.2301e+05,-54584,0
16362,3.23e+05,-54559,0
16363,3.2299e+05,-54533,0
16364,3.2298e+05,-54508,0
16365,3.2296e+05,-54482,0
16366,3.2295e+05,-54457,0
16367,3.2294e+05,-54431,0
16368,3.2293e+05,-54406,0
16369,3.2292e+05,-54380,0
16370,3.2291e+05,-54355,0
16371,3.229e+05,-54329,0
16372,3.2289e+05,-54304,0
16373,3.2288e+05,-54278,0
16374,3.2287e+05,-54252,0
16375,3.2285e+05,-54227,0
16376,3.2284e+05,-54201,0
16377,3.2283e+05,-54176,0
16378,3.2282e+05,-54150,0
16379,3.2281e+05,-54125,0
16380,3.228e+05,-54099,0
16381,3.2279e+05,-54073,0
16382,3.2278e+05,-54048,0
16383,3.2277e+05,-54022,0
16384,3.2276e+05,-53997,0
16385,3.2274e+05,-53971,0
16386,3.2273e+05,-53945,0
16387,3.2272e+05,-53920,0
16388,3.2271e+05,-53894,0
16389,3.227e+05,-53868,0
16390,3.2269e+05,-53843,0
16391,3.2268e+05,-53817,0
16392,3.2267e+05,-53791,0
16393,3.2266e+05,-53766,0
16394,3.2265e+05,-53740,0
16395,3.2264e+05,-53714,0
16396,3.2262e+05,-53689,0
16397,3.2261e+05,-53663,0
16398,3.226e+05,-53637,0
16399,3.2259e+05,-53612,0
16400,3.2258e+05,-53586,0
16401,3.2257e+05,-53560,0
16402,3.2256e+05,-53534,0
16403,3.2255e+05,-53509,0
16404,3.2254e+05,-53483,0
16405,3.2253e+05,-53457,0
16406,3.2252e+05,-53432,0
16407,3.225e+05,-53406,0
16408,3.2249e+05,-53380,0
16409,3.2248e+05,-53354,0
16410,3.2247e+05,-53329,0
16411,3.2246e+05,-53303,0
16412,3.2245e+05,-53277,0
16413,3.2244e+05,-53251,0
16414,3.2243e+05,-53225,0
16415,3.2242e+05,-53200,0
16416,3.2241e+05,-53174,0
16417,3.224e+05,-53148,0
16418,3.2239e+05,-53122,0
16419,3.2237e+05,-53096,0
16420,3.2236e+05,-53071,0
16421,3.2235e+05,-53045,0
16422,3.2234e+05,-53019,0
16423,3.2233e+05,-52993,0
16424,3.2232e+05,-52967,0
16425,3.2231e+05,-52941,0
16426,3.223e+05,-52915,0
16427,3.2229e+05,-52890,0
16428,3.2228e+05,-52864,0
16429,3.2227e+05,-52838,0
16430,3.2226e+05,-52812,0
16431,3.2225e+05,-52786,0
16432,3.2223e+05,-52760,0
16433,3.2222e+05,-52734,0
16434,3.2221e+05,-52708,0
16435,3.222e+05,-52682,0
16436,3.2219e+05,-52657,0
16437,3.2218e+05,-52631,0
16438,3.2217e+05,-52605,0
16439,3.2216e+05,-52579,0
16440,3.2215e+05,-52553,0
16441,3.2214e+05,-52527,0
16442,3.2213e+05,-52501,0
16443,3.2212e+05,-52475,0
16444,3.2211e+05,-52449,0
16445,3.221e+05,-52423,0
16446,3.2208e+05,-52397,0
16447,3.2207e+05,-52371,0
16448,3.2206e+05,-52345,0
16449,3.2205e+05,-52319,0
16450,3.2204e+05,-52293,0
16451,3.2203e+05,-52267,0
16452,3.2202e+05,-52241,0
16453,3.2201e+05,-52215,0
16454,3.22e+05,-52189,0
16455,3.2199e+05,-52163,0
16456,3.2198e+05,-52137,0
16457,3.2197e+05,-52111,0
16458,3.2196e+05,-52085,0
16459,3.2195e+05,-52059,0
16460,3.2194e+05,-52033,0
16461,3.2193e+05,-52007,0
16462,3.2191e+05,-51981,0
16463,3.219e+05,-51955,0
16464,3.2189e+05,-51929,0
16465,3.2188e+05,-51902,0
16466,3.2187e+05,-51876,0
16467,3.2186e+05,-51850,0
16468,3.2185e+05,-51824,0
16469,3.2184e+05,-51798,0
16470,3.2183e+05,-51772,0
16471,3.2182e+05,-51746,0
16472,3.2181e+05,-51720,0
16473,3.218e+05,-51694,0
16474,3.2179e+05,-51667,0
16475,3.2178e+05,-51641,0
16476,3.2177e+05,-51615,0
16477,3.2176e+05,-51589,0
16478,3.2175e+05,-51563,0
16479,3.2174e+05,-51537,0
16480,3.2173e+05,-51511,0
16481,3.2171e+05,-51484,0
16482,3.217e+05,-51458,0
16483,3.2169e+05,-51432,0
16484,3.2168e+05,-51406,0
16485,3.2167e+05,-51380,0
16486,3.2166e+05,-51353,0
16487,3.2165e+05,-51327,0
16488,3.2164e+05,-51301,0
16489,3.2163e+05,-51275,0
16490,3.2162e+05,-51249,0
16491,3.2161e+05,-51222,0
16492,3.216e+05,-51196,0
16493,3.2159e+05,-51170,0
16494,3.2158e+05,-51144,0
16495,3.2157e+05,-51117,0
16496,3.2156e+05,-51091,0
16497,3.2155e+05,-51065,0
16498,3.2154e+05,-51038,0
16499,3.2153e+05,-51012,0
16500,3.2152e+05,-50986,0
16501,3.2151e+05,-50960,0
16502,3.215e+05,-50933,0
16503,3.2149e+05,-50907,0
16504,3.2148e+05,-50881,0
16505,3.2146e+05,-50854,0
16506,3.2145e+05,-50828,0
16507,3.2144e+05,-50802,0
16508,3.2143e+05,-50775,0
16509,3.2142e+05,-50749,0
16510,3.2141e+05,-50723,0
16511,3.214e+05,-50696,0
16512,3.2139e+05,-50670,0
16513,3.2138e+05,-50644,0
16514,3.2137e+05,-50617,0
16515,3.2136e+05,-50591,0
16516,3.2135e+05,-50565,0
16517,3.2134e+05,-50538,0
16518,3.2133e+05,-50512,0
16519,3.2132e+05,-50485,0
16520,3.2131e+05,-50459,0
16521,3.213e+05,-50433,0
16522,3.2129e+05,-50406,0
16523,3.2128e+05,-50380,0
16524,3.2127e+05,-50353,0
16525,3.2126e+05,-50327,0
16526,3.2125e+05,-50301,0
16527,3.2124e+05,-50274,0
16528,3.2123e+05,-50248,0
16529,3.2122e+05,-50221,0
16530,3.2121e+05,-50195,0
16531,3.212e+05,-50168,0
16532,3.2119e+05,-50142,0
16533,3.2118e+05,-50115,0
16534,3.2117e+05,-50089,0
16535,3.2116e+05,-50062,0
16536,3.2115e+05,-50036,0
16537,3.2114e+05,-50009,0
16538,3.2113e+05,-49983,0
16539,3.2112e+05,-49956,0
16540,3.2111e+05,-49930,0
16541,3.211e+05,-49903,0
16542,3.2109e+05,-49877,0
16543,3.2108e+05,-49850,0
16544,3.2107e+05,-49824,0
16545,3.2105e+05,-49797,0
16546,3.2104e+05,-49771,0
16547,3.2103e+05,-49744,0
16548,3.2102e+05,-49718,0
16549,3.2101e+05,-49691,0
16550,3.21e+05,-49665,0
16551,3.2099e+05,-49638,0
16552,3.2098e+05,-49611,0
16553,3.2097e+05,-49585,0
16554,3.2096e+05,-49558,0
16555,3.2095e+05,-49532,0
16556,3.2094e+05,-49505,0
16557,3.2093e+05,-49478,0
16558,3.2092e+05,-49452,0
16559,3.2091e+05,-49425,0
16560,3.209e+05,-49399,0
16561,3.2089e+05,-49372,0
16562,3.2088e+05,-49345,0
16563,3.2087e+05,-49319,0
16564,3.2086e+05,-49292,0
16565,3.2085e+05,-49265,0
16566,3.2084e+05,-49239,0
16567,3.2083e+05,-49212,0
16568,3.2082e+05,-49185,0
16569,3.2081e+05,-49159,0
16570,3.208e+05,-49132,0
16571,3.2079e+05,-49105,0
16572,3.2078e+05,-49079,0
16573,3.2077e+05,-49052,0
16574,3.2076e+05,-49025,0
16575,3.2075e+05,-48999,0
16576,3.2074e+05,-48972,0
16577,3.2073e+05,-48945,0
16578,3.2072e+05,-48919,0
16579,3.2071e+05,-48892,0
16580,3.207e+05,-48865,0
16581,3.2069e+05,-48838,0
16582,3.2068e+05,-48812,0
16583,3.2067e+05,-48785,0
16584,3.2066e+05,-48758,0
16585,3.2065e+05,-48731,0
16586,3.2064e+05,-48705,0
16587,3.2063e+05,-48678,0
16588,3.2062e+05,-48651,0
16589,3.2061e+05,-48624,0
16590,3.206e+05,-48597,0
16591,3.2059e+05,-48571,0
16592,3.2058e+05,-48544,0
16593,3.2057e+05,-48517,0
16594,3.2056e+05,-48490,0
16595,3.2055e+05,-48463,0
16596,3.2054e+05,-48437,0
16597,3.2053e+05,-48410,0
16598,3.2052e+05,-48383,0
16599,3.2051e+05,-48356,0
16600,3.205e+05,-48329,0
16601,3.205e+05,-48302,0
16602,3.2049e+05,-48276,0
16603,3.2048e+05,-48249,0
16604,3.2047e+05,-48222,0
16605,3.2046e+05,-48195,0
16606,3.2045e+05,-48168,0
16607,3.2044e+05,-48141,0
16608,3.2043e+05,-48114,0
16609,3.2042e+05,-48087,0
16610,3.2041e+05,-48061,0
16611,3.204e+05,-48034,0
16612,3.2039e+05,-48007,0
16613,3.2038e+05,-47980,0
16614,3.2037e+05,-47953,0
16615,3.2036e+05,-47926,0
16616,3.2035e+05,-47899,0
16617,3.2034e+05,-47872,0
16618,3.2033e+05,-47845,0
16619,3.2032e+05,-47818,0
16620,3.2031e+05,-47791,0
16621,3.203e+05,-47764,0
16622,3.2029e+05,-47737,0
16623,3.2028e+05,-47710,0
16624,3.2027e+05,-47684,0
16625,3.2026e+05,-47657,0
16626,3.2025e+05,-47630,0
16627,3.2024e+05,-47603,0
16628,3.2023e+05,-47576,0
16629,3.2022e+05,-47549,0
16630,3.2021e+05,-47522,0
16631,3.202e+05,-47495,0
16632,3.2019e+05,-47468,0
16633,3.2018e+05,-47441,0
16634,3.2017e+05,-47414,0
16635,3.2016e+05,-47386,0
16636,3.2015e+05,-47359,0
16637,3.2014e+05,-47332,0
16638,3.2013e+05,-47305,0
16639,3.2012e+05,-47278,0
16640,3.2011e+05,-47251,0
16641,3.2011e+05,-47224,0
16642,3.201e+05,-47197,0
16643,3.2009e+05,-47170,0
16644,3.2008e+05,-47143,0
16645,3.2007e+05,-47116,0
16646,3.2006e+05,-47089,0
16647,3.2005e+05,-47062,0
16648,3.2004e+05,-47035,0
16649,3.2003e+05,-47008,0
16650,3.2002e+05,-46980,0
16651,3.2001e+05,-46953,0
16652,3.2e+05,-46926,0
16653,3.1999e+05,-46899,0
16654,3.1998e+05,-46872,0
16655,3.1997e+05,-46845,0
16656,3.1996e+05,-46818,0
16657,3.1995e+05,-46790,0
16658,3.1994e+05,-46763,0
16659,3.1993e+05,-46736,0
16660,3.1992e+05,-46709,0
16661,3.1991e+05,-46682,0
16662,3.199e+05,-46655,0
16663,3.1989e+05,-46628,0
16664,3.1988e+05,-46600,0
16665,3.1988e+05,-46573,0
16666,3.1987e+05,-46546,0
16667,3.1986e+05,-46519,0
16668,3.1985e+05,-46492,0
16669,3.1984e+05,-46464,0
16670,3.1983e+05,-46437,0
16671,3.1982e+05,-46410,0
16672,3.1981e+05,-46383,0
16673,3.198e+05,-46355,0
16674,3.1979e+05,-46328,0
16675,3.1978e+05,-46301,0
16676,3.1977e+05,-46274,0
16677,3.1976e+05,-46246,0
16678,3.1975e+05,-46219,0
16679,3.1974e+05,-46192,0
16680,3.1973e+05,-46165,0
16681,3.1972e+05,-46137,0
16682,3.1971e+05,-46110,0
16683,3.1971e+05,-46083,0
16684,3.197e+05,-46056,0
16685,3.1969e+05,-46028,0
16686,3.1968e+05,-46001,0
16687,3.1967e+05,-45974,0
16688,3.1966e+05,-45946,0
16689,3.1965e+05,-45919,0
16690,3.1964e+05,-45892,0
16691,3.1963e+05,-45864,0
16692,3.1962e+05,-45837,0
16693,3.1961e+05,-45810,0
16694,3.196e+05,-45782,0
16695,3.1959e+05,-45755,0
16696,3.1958e+05,-45728,0
16697,3.1957e+05,-45700,0
16698,3.1956e+05,-45673,0
16699,3.1956e+05,-45646,0
16700,3.1955e+05,-45618,0
16701,3.1954e+05,-45591,0
16702,3.1953e+05,-45563,0
16703,3.1952e+05,-45536,0
16704,3.1951e+05,-45509,0
16705,3.195e+05,-45481,0
16706,3.1949e+05,-45454,0
16707,3.1948e+05,-45426,0
16708,3.1947e+05,-45399,0
16709,3.1946e+05,-45372,0
16710,3.1945e+05,-45344,0
16711,3.1944e+05,-45317,0
16712,3.1943e+05,-45289,0
16713,3.1943e+05,-45262,0
16714,3.1942e+05,-45234,0
16715,3.1941e+05,-45207,0
16716,3.194e+05,-45180,0
16717,3.1939e+05,-45152,0
16718,3.1938e+05,-45125,0
16719,3.1937e+05,-45097,0
16720,3.1936e+05,-45070,0
16721,3.1935e+05,-45042,0
16722,3.1934e+05,-45015,0
16723,3.1933e+05,-44987,0
16724,3.1932e+05,-44960,0
16725,3.1931e+05,-44932,0
16726,3.1931e+05,-44905,0
16727,3.193e+05,-44877,0
16728,3.1929e+05,-44850,0
16729,3.1928e+05,-44822,0
16730,3.1927e+05,-44795,0
16731,3.1926e+05,-44767,0
16732,3.1925e+05,-44740,0
16733,3.1924e+05,-44712,0
16734,3.1923e+05,-44684,0
16735,3.1922e+05,-44657,0
16736,3.1921e+05,-44629,0
16737,3.192e+05,-44602,0
16738,3.192e+05,-44574,0
16739,3.1919e+05,-44547,0
16740,3.1918e+05,-44519,0
16741,3.1917e+05,-44491,0
16742,3.1916e+05,-44464,0
16743,3.1915e+05,-44436,0
16744,3.1914e+05,-44409,0
16745,3.1913e+05,-44381,0
16746,3.1912e+05,-44353,0
16747,3.1911e+05,-44326,0
16748,3.191e+05,-44298,0
16749,3.191e+05,-44271,0
16750,3.1909e+05,-44243,0
16751,3.1908e+05,-44215,0
16752,3.1907e+05,-44188,0
16753,3.1906e+05,-44160,0
16754,3.1905e+05,-44132,0
16755,3.1904e+05,-44105,0
16756,3.1903e+05,-44077,0
16757,3.1902e+05,-44049,0
16758,3.1901e+05,-44022,0
16759,3.1901e+05,-43994,0
16760,3.19e+05,-43966,0
16761,3.1899e+05,-43939,0
16762,3.1898e+05,-43911,0
16763,3.1897e+05,-43883,0
16764,3.1896e+05,-43856,0
16765,3.1895e+05,-43828,0
16766,3.1894e+05,-43800,0
16767,3.1893e+05,-43772,0
16768,3.1892e+05,-43745,0
16769,3.1892e+05,-43717,0
16770,3.1891e+05,-43689,0
16771,3.189e+05,-43661,0
16772,3.1889e+05,-43634,0
16773,3.1888e+05,-43606,0
16774,3.1887e+05,-43578,0
16775,3.1886e+05,-43550,0
16776,3.1885e+05,-43523,0
16777,3.1884e+05,-43495,0
16778,3.1884e+05,-43467,0
16779,3.1883e+05,-43439,0
16780,3.1882e+05,-43412,0
16781,3.1881e+05,-43384,0
16782,3.188e+05,-43356,0
16783,3.1879e+05,-43328,0
16784,3.1878e+05,-43300,0
16785,3.1877e+05,-43273,0
16786,3.1876e+05,-43245,0
16787,3.1876e+05,-43217,0
16788,3.1875e+05,-43189,0
16789,3.1874e+05,-43161,0
16790,3.1873e+05,-43134,0
16791,3.1872e+05,-43106,0
16792,3.1871e+05,-43078,0
16793,3.187e+05,-43050,0
16794,3.1869e+05,-43022,0
16795,3.1869e+05,-42994,0
16796,3.1868e+05,-42966,0
16797,3.1867e+05,-42939,0
16798,3.1866e+05,-42911,0
16799,3.1865e+05,-42883,0
16800,3.1864e+05,-42855,0
16801,3.1863e+05,-42827,0
16802,3.1862e+05,-42799,0
16803,3.1862e+05,-42771,0
16804,3.1861e+05,-42743,0
16805,3.186e+05,-42715,0
16806,3.1859e+05,-42688,0
16807,3.1858e+05,-42660,0
16808,3.1857e+05,-42632,0
16809,3.1856e+05,-42604,0
16810,3.1855e+05,-42576,0
16811,3.1855e+05,-42548,0
16812,3.1854e+05,-42520,0
16813,3.1853e+05,-42492,0
16814,3.1852e+05,-42464,0
16815,3.1851e+05,-42436,0
16816,3.185e+05,-42408,0
16817,3.1849e+05,-42380,0
16818,3.1848e+05,-42352,0
16819,3.1848e+05,-42324,0
16820,3.1847e+05,-42296,0
16821,3.1846e+05,-42268,0
16822,3.1845e+05,-42240,0
16823,3.1844e+05,-42212,0
16824,3.1843e+05,-42184,0
16825,3.1842e+05,-42156,0
16826,3.1842e+05,-42128,0
16827,3.1841e+05,-42100,0
16828,3.184e+05,-42072,0
16829,3.1839e+05,-42044,0
16830,3.1838e+05,-42016,0
16831,3.1837e+05,-41988,0
16832,3.1836e+05,-41960,0
16833,3.1835e+05,-41932,0
16834,3.1835e+05,-41904,0
16835,3.1834e+05,-41876,0
16836,3.1833e+05,-41848,0
16837,3.1832e+05,-41820,0
16838,3.1831e+05,-41792,0
16839,3.183e+05,-41764,0
16840,3.1829e+05,-41736,0
16841,3.1829e+05,-41707,0
16842,3.1828e+05,-41679,0
16843,3.1827e+05,-41651,0
16844,3.1826e+05,-41623,0
16845,3.1825e+05,-41595,0
16846,3.1824e+05,-41567,0
16847,3.1824e+05,-41539,0
16848,3.1823e+05,-41511,0
16849,3.1822e+05,-41483,0
16850,3.1821e+05,-41454,0
16851,3.182e+05,-41426,0
16852,3.1819e+05,-41398,0
16853,3.1818e+05,-41370,0
16854,3.1818e+05,-41342,0
16855,3.1817e+05,-41314,0
16856,3.1816e+05,-41286,0
16857,3.1815e+05,-41257,0
16858,3.1814e+05,-41229,0
16859,3.1813e+05,-41201,0
16860,3.1813e+05,-41173,0
16861,3.1812e+05,-41145,0
16862,3.1811e+05,-41117,0
16863,3.181e+05,-41088,0
16864,3.1809e+05,-41060,0
16865,3.1808e+05,-41032,0
16866,3.1807e+05,-41004,0
16867,3.1807e+05,-40976,0
16868,3.1806e+05,-40947,0
16869,3.1805e+05,-40919,0
16870,3.1804e+05,-40891,0
16871,3.1803e+05,-40863,0
16872,3.1802e+05,-40834,0
16873,3.1802e+05,-40806,0
16874,3.1801e+05,-40778,0
16875,3.18e+05,-40750,0
16876,3.1799e+05,-40721,0
16877,3.1798e+05,-40693,0
16878,3.1797e+05,-40665,0
16879,3.1797e+05,-40637,0
16880,3.1796e+05,-40608,0
16881,3.1795e+05,-40580,0
16882,3.1794e+05,-40552,0
16883,3.1793e+05,-40524,0
16884,3.1792e+05,-40495,0
16885,3.1792e+05,-40467,0
16886,3.1791e+05,-40439,0
16887,3.179e+05,-40410,0
16888,3.1789e+05,-40382,0
16889,3.1788e+05,-40354,0
16890,3.1787e+05,-40325,0
16891,3.1787e+05,-40297,0
16892,3.1786e+05,-40269,0
16893,3.1785e+05,-40240,0
16894,3.1784e+05,-40212,0
16895,3.1783e+05,-40184,0
16896,3.1783e+05,-40155,0
16897,3.1782e+05,-40127,0
16898,3.1781e+05,-40099,0
16899,3.178e+05,-40070,0
16900,3.1779e+05,-40042,0
16901,3.1778e+05,-40014,0
16902,3.1778e+05,-39985,0
16903,3.1777e+05,-39957,0
16904,3.1776e+05,-39928,0
16905,3.1775e+05,-39900,0
16906,3.1774e+05,-39872,0
16907,3.1773e+05,-39843,0
16908,3.1773e+05,-39815,0
16909,3.1772e+05,-39786,0
16910,3.1771e+05,-39758,0
16911,3.177e+05,-39730,0
16912,3.1769e+05,-39701,0
16913,3.1769e+05,-39673,0
16914,3.1768e+05,-39644,0
16915,3.1767e+05,-39616,0
16916,3.1766e+05,-39587,0
16917,3.1765e+05,-39559,0
16918,3.1765e+05,-39530,0
16919,3.1764e+05,-39502,0
16920,3.1763e+05,-39474,0
16921,3.1762e+05,-39445,0
16922,3.1761e+05,-39417,0
16923,3.176e+05,-39388,0
16924,3.176e+05,-39360,0
16925,3.1759e+05,-39331,0
16926,3.1758e+05,-39303,0
16927,3.1757e+05,-39274,0
16928,3.1756e+05,-39246,0
16929,3.1756e+05,-39217,0
16930,3.1755e+05,-39189,0
16931,3.1754e+05,-39160,0
16932,3.1753e+05,-39132,0
16933,3.1752e+05,-39103,0
16934,3.1752e+05,-39075,0
16935,3.1751e+05,-39046,0
16936,3.175e+05,-39018,0
16937,3.1749e+05,-38989,0
16938,3.1748e+05,-38960,0
16939,3.1748e+05,-38932,0
16940,3.1747e+05,-38903,0
16941,3.1746e+05,-38875,0
16942,3.1745e+05,-38846,0
16943,3.1744e+05,-38818,0
16944,3.1744e+05,-38789,0
16945,3.1743e+05,-38761,0
16946,3.1742e+05,-38732,0
16947,3.1741e+05,-38703,0
16948,3.174e+05,-38675,0
16949,3.174e+05,-38646,0
16950,3.1739e+05,-38618,0
16951,3.1738e+05,-38589,0
16952,3.1737e+05,-38560,0
16953,3.1736e+05,-38532,0
16954,3.1736e+05,-38503,0
16955,3.1735e+05,-38475,0
16956,3.1734e+05,-38446,0
16957,3.1733e+05,-38417,0
16958,3.1733e+05,-38389,0
16959,3.1732e+05,-38360,0
16960,3.1731e+05,-38331,0
16961,3.173e+05,-38303,0
16962,3.1729e+05,-38274,0
16963,3.1729e+05,-38245,0
16964,3.1728e+05,-38217,0
16965,3.1727e+05,-38188,0
16966,3.1726e+05,-38159,0
16967,3.1725e+05,-38131,0
16968,3.1725e+05,-38102,0
16969,3.1724e+05,-38073,0
16970,3.1723e+05,-38045,0
16971,3.1722e+05,-38016,0
16972,3.1722e+05,-37987,0
16973,3.1721e+05,-37959,0
16974,3.172e+05,-37930,0
16975,3.1719e+05,-37901,0
16976,3.1718e+05,-37872,0
16977,3.1718e+05,-37844,0
16978,3.1717e+05,-37815,0
16979,3.1716e+05,-37786,0
16980,3.1715e+05,-37757,0
16981,3.1715e+05,-37729,0
16982,3.1714e+05,-37700,0
16983,3.1713e+05,-37671,0
16984,3.1712e+05,-37642,0
16985,3.1711e+05,-37614,0
16986,3.1711e+05,-37585,0
16987,3.171e+05,-37556,0
16988,3.1709e+05,-37527,0
16989,3.1708e+05,-37499,0
16990,3.1708e+05,-37470,0
16991,3.1707e+05,-37441,0
16992,3.1706e+05,-37412,0
16993,3.1705e+05,-37383,0
16994,3.1705e+05,-37355,0
16995,3.1704e+05,-37326,0
16996,3.1703e+05,-37297,0
16997,3.1702e+05,-37268,0
16998,3.1701e+05,-37239,0
16999,3.1701e+05,-37211,0
17000,3.17e+05,-37182,0
17001,3.1699e+05,-37153,0
17002,3.1698e+05,-37124,0
17003,3.1698e+05,-37095,0
17004,3.1697e+05,-37066,0
17005,3.1696e+05,-37038,0
17006,3.1695e+05,-37009,0
17007,3.1695e+05,-36980,0
17008,3.1694e+05,-36951,0
17009,3.1693e+05,-36922,0
17010,3.1692e+05,-36893,0
17011,3.1692e+05,-36864,0
17012,3.1691e+05,-36836,0
17013,3.169e+05,-36807,0
17014,3.1689e+05,-36778,0
17015,3.1689e+05,-36749,0
17016,3.1688e+05,-36720,0
17017,3.1687e+05,-36691,0
17018,3.1686e+05,-36662,0
17019,3.1686e+05,-36633,0
17020,3.1685e+05,-36604,0
17021,3.1684e+05,-36575,0
17022,3.1683e+05,-36547,0
17023,3.1683e+05,-36518,0
17024,3.1682e+05,-36489,0
17025,3.1681e+05,-36460,0
17026,3.168e+05,-36431,0
17027,3.168e+05,-36402,0
17028,3.1679e+05,-36373,0
17029,3.1678e+05,-36344,0
17030,3.1677e+05,-36315,0
17031,3.1677e+05,-36286,0
17032,3.1676e+05,-36257,0
17033,3.1675e+05,-36228,0
17034,3.1674e+05,-36199,0
17035,3.1674e+05,-36170,0
17036,3.1673e+05,-36141,0
17037,3.1672e+05,-36112,0
17038,3.1671e+05,-36083,0
17039,3.1671e+05,-36054,0
17040,3.167e+05,-36025,0
17041,3.1669e+05,-35996,0
17042,3.1668e+05,-35967,0
17043,3.1668e+05,-35938,0
17044,3.1667e+05,-35909,0
17045,3.1666e+05,-35880,0
17046,3.1665e+05,-35851,0
17047,3.1665e+05,-35822,0
17048,3.1664e+05,-35793,0
17049,3.1663e+05,-35764,0
17050,3.1662e+05,-35735,0
17051,3.1662e+05,-35706,0
17052,3.1661e+05,-35677,0
17053,3.166e+05,-35648,0
17054,3.166e+05,-35619,0
17055,3.1659e+05,-35590,0
17056,3.1658e+05,-35561,0
17057,3.1657e+05,-35531,0
17058,3.1657e+05,-35502,0
17059,3.1656e+05,-35473,0
17060,3.1655e+05,-35444,0
17061,3.1654e+05,-35415,0
17062,3.1654e+05,-35386,0
17063,3.1653e+05,-35357,0
17064,3.1652e+05,-35328,0
17065,3.1652e+05,-35299,0
17066,3.1651e+05,-35270,0
17067,3.165e+05,-35241,0
17068,3.1649e+05,-35211,0
17069,3.1649e+05,-35182,0
17070,3.1648e+05,-35153,0
17071,3.1647e+05,-35124,0
17072,3.1646e+05,-35095,0
17073,3.1646e+05,-35066,0
17074,3.1645e+05,-35037,0
17075,3.1644e+05,-35007,0
17076,3.1644e+05,-34978,0
17077,3.1643e+05,-34949,0
17078,3.1642e+05,-34920,0
17079,3.1641e+05,-34891,0
17080,3.1641e+05,-34862,0
17081,3.164e+05,-34832,0
17082,3.1639e+05,-34803,0
17083,3.1639e+05,-34774,0
17084,3.1638e+05,-34745,0
17085,3.1637e+05,-34716,0
17086,3.1636e+05,-34687,0
17087,3.1636e+05,-34657,0
17088,3.1635e+05,-34628,0
17089,3.1634e+05,-34599,0
17090,3.1634e+05,-34570,0
17091,3.1633e+05,-34540,0
17092,3.1632e+05,-34511,0
17093,3.1631e+05,-34482,0
17094,3.1631e+05,-34453,0
17095,3.163e+05,-34424,0
17096,3.1629e+05,-34394,0
17097,3.1629e+05,-34365,0
17098,3.1628e+05,-34336,0
17099,3.1627e+05,-34307,0
17100,3.1626e+05,-34277,0
17101,3.1626e+05,-34248,0
17102,3.1625e+05,-34219,0
17103,3.1624e+05,-34190,0
17104,3.1624e+05,-34160,0
17105,3.1623e+05,-34131,0
17106,3.1622e+05,-34102,0
17107,3.1622e+05,-34072,0
17108,3.1621e+05,-34043,0
17109,3.162e+05,-34014,0
17110,3.1619e+05,-33985,0
17111,3.1619e+05,-33955,0
17112,3.1618e+05,-33926,0
17113,3.1617e+05,-33897,0
17114,3.1617e+05,-33867,0
17115,3.1616e+05,-33838,0
17116,3.1615e+05,-33809,0
17117,3.1615e+05,-33779,0
17118,3.1614e+05,-33750,0
17119,3.1613e+05,-33721,0
17120,3.1612e+05,-33691,0
17121,3.1612e+05,-33662,0
17122,3.1611e+05,-33633,0
17123,3.161e+05,-33603,0
17124,3.161e+05,-33574,0
17125,3.1609e+05,-33545,0
17126,3.1608e+05,-33515,0
17127,3.1608e+05,-33486,0
17128,3.1607e+05,-33457,0
17129,3.1606e+05,-33427,0
17130,3.1606e+05,-33398,0
17131,3.1605e+05,-33368,0
17132,3.1604e+05,-33339,0
17133,3.1604e+05,-33310,0
17134,3.1603e+05,-33280,0
17135,3.1602e+05,-33251,0
17136,3.1601e+05,-33221,0
17137,3.1601e+05,-33192,0
17138,3.16e+05,-33163,0
17139,3.1599e+05,-33133,0
17140,3.1599e+05,-33104,0
17141,3.1598e+05,-33074,0
17142,3.1597e+05,-33045,0
17143,3.1597e+05,-33015,0
17144,3.1596e+05,-32986,0
17145,3.1595e+05,-32957,0
17146,3.1595e+05,-32927,0
17147,3.1594e+05,-32898,0
17148,3.1593e+05,-32868,0
17149,3.1593e+05,-32839,0
17150,3.1592e+05,-32809,0
17151,3.1591e+05,-32780,0
17152,3.1591e+05,-32750,0
17153,3.159e+05,-32721,0
17154,3.1589e+05,-32691,0
17155,3.1589e+05,-32662,0
17156,3.1588e+05,-32633,0
17157,3.1587e+05,-32603,0
17158,3.1587e+05,-32574,0
17159,3.1586e+05,-32544,0
17160,3.1585e+05,-32515,0
17161,3.1585e+05,-32485,0
17162,3.1584e+05,-32456,0
17163,3.1583e+05,-32426,0
17164,3.1583e+05,-32397,0
17165,3.1582e+05,-32367,0
17166,3.1581e+05,-32337,0
17167,3.1581e+05,-32308,0
17168,3.158e+05,-32278,0
17169,3.1579e+05,-32249,0
17170,3.1579e+05,-32219,0
17171,3.1578e+05,-32190,0
17172,3.1577e+05,-32160,0
17173,3.1577e+05,-32131,0
17174,3.1576e+05,-32101,0
17175,3.1575e+05,-32072,0
17176,3.1575e+05,-32042,0
17177,3.1574e+05,-32012,0
17178,3.1573e+05,-31983,0
17179,3.1573e+05,-31953,0
17180,3.1572e+05,-31924,0
17181,3.1571e+05,-31894,0
17182,3.1571e+05,-31865,0
17183,3.157e+05,-31835,0
17184,3.1569e+05,-31805,0
17185,3.1569e+05,-31776,0
17186,3.1568e+05,-31746,0
17187,3.1567e+05,-31717,0
17188,3.1567e+05,-31687,0
17189,3.1566e+05,-31657,0
17190,3.1565e+05,-31628,0
17191,3.1565e+05,-31598,0
17192,3.1564e+05,-31569,0
17193,3.1563e+05,-31539,0
17194,3.1563e+05,-31509,0
17195,3.1562e+05,-31480,0
17196,3.1561e+05,-31450,0
17197,3.1561e+05,-31420,0
17198,3.156e+05,-31391,0
17199,3.156e+05,-31361,0
17200,3.1559e+05,-31331,0
17201,3.1558e+05,-31302,0
17202,3.1558e+05,-31272,0
17203,3.1557e+05,-31242,0
17204,3.1556e+05,-31213,0
17205,3.1556e+05,-31183,0
17206,3.1555e+05,-31153,0
17207,3.1554e+05,-31124,0
17208,3.1554e+05,-31094,0
17209,3.1553e+05,-31064,0
17210,3.1552e+05,-31035,0
17211,3.1552e+05,-31005,0
17212,3.1551e+05,-30975,0
17213,3.1551e+05,-30946,0
17214,3.155e+05,-30916,0
17215,3.1549e+05,-30886,0
17216,3.1549e+05,-30856,0
17217,3.1548e+05,-30827,0
17218,3.1547e+05,-30797,0
17219,3.1547e+05,-30767,0
17220,3.1546e+05,-30738,0
17221,3.1545e+05,-30708,0
17222,3.1545e+05,-30678,0
17223,3.1544e+05,-30648,0
17224,3.1544e+05,-30619,0
17225,3.1543e+05,-30589,0
17226,3.1542e+05,-30559,0
17227,3.1542e+05,-30529,0
17228,3.1541e+05,-30500,0
17229,3.154e+05,-30470,0
17230,3.154e+05,-30440,0
17231,3.1539e+05,-30410,0
17232,3.1538e+05,-30380,0
17233,3.1538e+05,-30351,0
17234,3.1537e+05,-30321,0
17235,3.1537e+05,-30291,0
17236,3.1536e+05,-30261,0
17237,3.1535e+05,-30232,0
17238,3.1535e+05,-30202,0
17239,3.1534e+05,-30172,0
17240,3.1534e+05,-30142,0
17241,3.1533e+05,-30112,0
17242,3.1532e+05,-30083,0
17243,3.1532e+05,-30053,0
17244,3.1531e+05,-30023,0
17245,3.153e+05,-29993,0
17246,3.153e+05,-29963,0
17247,3.1529e+05,-29933,0
17248,3.1529e+05,-29904,0
17249,3.1528e+05,-29874,0
17250,3.1527e+05,-29844,0
17251,3.1527e+05,-29814,0
17252,3.1526e+05,-29784,0
17253,3.1525e+05,-29754,0
17254,3.1525e+05,-29724,0
17255,3.1524e+05,-29695,0
17256,3.1524e+05,-29665,0
17257,3.1523e+05,-29635,0
17258,3.1522e+05,-29605,0
17259,3.1522e+05,-29575,0
17260,3.1521e+05,-29545,0
17261,3.1521e+05,-29515,0
17262,3.152e+05,-29485,0
17263,3.1519e+05,-29456,0
17264,3.1519e+05,-29426,0
17265,3.1518e+05,-29396,0
17266,3.1518e+05,-29366,0
17267,3.1517e+05,-29336,0
17268,3.1516e+05,-29306,0
17269,3.1516e+05,-29276,0
17270,3.1515e+05,-29246,0
17271,3.1515e+05,-29216,0
17272,3.1514e+05,-29186,0
17273,3.1513e+05,-29157,0
17274,3.1513e+05,-29127,0
17275,3.1512e+05,-29097,0
17276,3.1511e+05,-29067,0
17277,3.1511e+05,-29037,0
17278,3.151e+05,-29007,0
17279,3.151e+05,-28977,0
17280,3.1509e+05,-28947,0
17281,3.1509e+05,-28917,0
17282,3.1508e+05,-28887,0
17283,3.1507e+05,-28857,0
17284,3.1507e+05,-28827,0
17285,3.1506e+05,-28797,0
17286,3.1506e+05,-28767,0
17287,3.1505e+05,-28737,0
17288,3.1504e+05,-28707,0
17289,3.1504e+05,-28677,0
17290,3.1503e+05,-28647,0
17291,3.1503e+05,-28617,0
17292,3.1502e+05,-28587,0
17293,3.1501e+05,-28557,0
17294,3.1501e+05,-28527,0
17295,3.15e+05,-28497,0
17296,3.15e+05,-28467,0
17297,3.1499e+05,-28437,0
17298,3.1498e+05,-28407,0
17299,3.1498e+05,-28377,0
17300,3.1497e+05,-28347,0
17301,3.1497e+05,-28317,0
17302,3.1496e+05,-28287,0
17303,3.1496e+05,-28257,0
17304,3.1495e+05,-28227,0
17305,3.1494e+05,-28197,0
17306,3.1494e+05,-28167,0
17307,3.1493e+05,-28137,0
17308,3.1493e+05,-28107,0
17309,3.1492e+05,-28077,0
17310,3.1491e+05,-28047,0
17311,3.1491e+05,-28017,0
17312,3.149e+05,-27987,0
17313,3.149e+05,-27957,0
17314,3.1489e+05,-27926,0
17315,3.1489e+05,-27896,0
17316,3.1488e+05,-27866,0
17317,3.1487e+05,-27836,0
17318,3.1487e+05,-27806,0
17319,3.1486e+05,-27776,0
17320,3.1486e+05,-27746,0
17321,3.1485e+05,-27716,0
17322,3.1485e+05,-27686,0
17323,3.1484e+05,-27656,0
17324,3.1483e+05,-27626,0
17325,3.1483e+05,-27595,0
17326,3.1482e+05,-27565,0
17327,3.1482e+05,-27535,0
17328,3.1481e+05,-27505,0
17329,3.1481e+05,-27475,0
17330,3.148e+05,-27445,0
17331,3.1479e+05,-27415,0
17332,3.1479e+05,-27385,0
17333,3.1478e+05,-27354,0
17334,3.1478e+05,-27324,0
17335,3.1477e+05,-27294,0
17336,3.1477e+05,-27264,0
17337,3.1476e+05,-27234,0
17338,3.1475e+05,-27204,0
17339,3.1475e+05,-27174,0
17340,3.1474e+05,-27143,0
17341,3.1474e+05,-27113,0
17342,3.1473e+05,-27083,0
17343,3.1473e+05,-27053,0
17344,3.1472e+05,-27023,0
17345,3.1472e+05,-26993,0
17346,3.1471e+05,-26962,0
17347,3.147e+05,-26932,0
17348,3.147e+05,-26902,0
17349,3.1469e+05,-26872,0
17350,3.1469e+05,-26842,0
17351,3.1468e+05,-26811,0
17352,3.1468e+05,-26781,0
17353,3.1467e+05,-26751,0
17354,3.1467e+05,-26721,0
17355,3.1466e+05,-26691,0
17356,3.1465e+05,-26660,0
17357,3.1465e+05,-26630,0
17358,3.1464e+05,-26600,0
17359,3.1464e+05,-26570,0
17360,3.1463e+05,-26540,0
17361,3.1463e+05,-26509,0
17362,3.1462e+05,-26479,0
17363,3.1462e+05,-26449,0
17364,3.1461e+05,-26419,0
17365,3.146e+05,-26388,0
17366,3.146e+05,-26358,0
17367,3.1459e+05,-26328,0
17368,3.1459e+05,-26298,0
17369,3.1458e+05,-26267,0
17370,3.1458e+05,-26237,0
17371,3.1457e+05,-26207,0
17372,3.1457e+05,-26177,0
17373,3.1456e+05,-26146,0
17374,3.1456e+05,-26116,0
17375,3.1455e+05,-26086,0
17376,3.1455e+05,-26055,0
17377,3.1454e+05,-26025,0
17378,3.1453e+05,-25995,0
17379,3.1453e+05,-25965,0
17380,3.1452e+05,-25934,0
17381,3.1452e+05,-25904,0
17382,3.1451e+05,-25874,0
17383,3.1451e+05,-25843,0
17384,3.145e+05,-25813,0
17385,3.145e+05,-25783,0
17386,3.1449e+05,-25752,0
17387,3.1449e+05,-25722,0
17388,3.1448e+05,-25692,0
17389,3.1448e+05,-25662,0
17390,3.1447e+05,-25631,0
17391,3.1447e+05,-25601,0
17392,3.1446e+05,-25571,0
17393,3.1445e+05,-25540,0
17394,3.1445e+05,-25510,0
17395,3.1444e+05,-25480,0
17396,3.1444e+05,-25449,0
17397,3.1443e+05,-25419,0
17398,3.1443e+05,-25389,0
17399,3.1442e+05,-25358,0
17400,3.1442e+05,-25328,0
17401,3.1441e+05,-25297,0
17402,3.1441e+05,-25267,0
17403,3.144e+05,-25237,0
17404,3.144e+05,-25206,0
17405,3.1439e+05,-25176,0
17406,3.1439e+05,-25146,0
17407,3.1438e+05,-25115,0
17408,3.1438e+05,-25085,0
17409,3.1437e+05,-25054,0
17410,3.1437e+05,-25024,0
17411,3.1436e+05,-24994,0
17412,3.1436e+05,-24963,0
17413,3.1435e+05,-24933,0
17414,3.1434e+05,-24902,0
17415,3.1434e+05,-24872,0
17416,3.1433e+05,-24842,0
17417,3.1433e+05,-24811,0
17418,3.1432e+05,-24781,0
17419,3.1432e+05,-24750,0
17420,3.1431e+05,-24720,0
17421,3.1431e+05,-24690,0
17422,3.143e+05,-24659,0
17423,3.143e+05,-24629,0
17424,3.1429e+05,-24598,0
17425,3.1429e+05,-24568,0
17426,3.1428e+05,-24537,0
17427,3.1428e+05,-24507,0
17428,3.1427e+05,-24477,0
17429,3.1427e+05,-24446,0
17430,3.1426e+05,-24416,0
17431,3.1426e+05,-24385,0
17432,3.1425e+05,-24355,0
17433,3.1425e+05,-24324,0
17434,3.1424e+05,-24294,0
17435,3.1424e+05,-24263,0
17436,3.1423e+05,-24233,0
17437,3.1423e+05,-24202,0
17438,3.1422e+05,-24172,0
17439,3.1422e+05,-24141,0
17440,3.1421e+05,-24111,0
17441,3.1421e+05,-24080,0
17442,3.142e+05,-24050,0
17443,3.142e+05,-24020,0
17444,3.1419e+05,-23989,0
17445,3.1419e+05,-23959,0
17446,3.1418e+05,-23928,0
17447,3.1418e+05,-23898,0
17448,3.1417e+05,-23867,0
17449,3.1417e+05,-23837,0
17450,3.1416e+05,-23806,0
17451,3.1416e+05,-23775,0
17452,3.1415e+05,-23745,0
17453,3.1415e+05,-23714,0
17454,3.1414e+05,-23684,0
17455,3.1414e+05,-23653,0
17456,3.1413e+05,-23623,0
17457,3.1413e+05,-23592,0
17458,3.1412e+05,-23562,0
17459,3.1412e+05,-23531,0
17460,3.1411e+05,-23501,0
17461,3.1411e+05,-23470,0
17462,3.141e+05,-23440,0
17463,3.141e+05,-23409,0
17464,3.1409e+05,-23379,0
17465,3.1409e+05,-23348,0
17466,3.1409e+05,-23317,0
17467,3.1408e+05,-23287,0
17468,3.1408e+05,-23256,0
17469,3.1407e+05,-23226,0
17470,3.1407e+05,-23195,0
17471,3.1406e+05,-23165,0
17472,3.1406e+05,-23134,0
17473,3.1405e+05,-23103,0
17474,3.1405e+05,-23073,0
17475,3.1404e+05,-23042,0
17476,3.1404e+05,-23012,0
17477,3.1403e+05,-22981,0
17478,3.1403e+05,-22950,0
17479,3.1402e+05,-22920,0
17480,3.1402e+05,-22889,0
17481,3.1401e+05,-22859,0
17482,3.1401e+05,-22828,0
17483,3.14e+05,-22797,0
17484,3.14e+05,-22767,0
17485,3.1399e+05,-22736,0
17486,3.1399e+05,-22706,0
17487,3.1398e+05,-22675,0
17488,3.1398e+05,-22644,0
17489,3.1398e+05,-22614,0
17490,3.1397e+05,-22583,0
17491,3.1397e+05,-22553,0
17492,3.1396e+05,-22522,0
17493,3.1396e+05,-22491,0
17494,3.1395e+05,-22461,0
17495,3.1395e+05,-22430,0
17496,3.1394e+05,-22399,0
17497,3.1394e+05,-22369,0
17498,3.1393e+05,-22338,0
17499,3.1393e+05,-22307,0
17500,3.1392e+05,-22277,0
17501,3.1392e+05,-22246,0
17502,3.1392e+05,-22215,0
17503,3.1391e+05,-22185,0
17504,3.1391e+05,-22154,0
17505,3.139e+05,-22123,0
17506,3.139e+05,-22093,0
17507,3.1389e+05,-22062,0
17508,3.1389e+05,-22031,0
17509,3.1388e+05,-22001,0
17510,3.1388e+05,-21970,0
17511,3.1387e+05,-21939,0
17512,3.1387e+05,-21909,0
17513,3.1386e+05,-21878,0
17514,3.1386e+05,-21847,0
17515,3.1386e+05,-21817,0
17516,3.1385e+05,-21786,0
17517,3.1385e+05,-21755,0
17518,3.1384e+05,-21724,0
17519,3.1384e+05,-21694,0
17520,3.1383e+05,-21663,0
17521,3.1383e+05,-21632,0
17522,3.1382e+05,-21602,0
17523,3.1382e+05,-21571,0
17524,3.1382e+05,-21540,0
17525,3.1381e+05,-21509,0
17526,3.1381e+05,-21479,0
17527,3.138e+05,-21448,0
17528,3.138e+05,-21417,0
17529,3.1379e+05,-21386,0
17530,3.1379e+05,-21356,0
17531,3.1378e+05,-21325,0
17532,3.1378e+05,-21294,0
17533,3.1378e+05,-21263,0
17534,3.1377e+05,-21233,0
17535,3.1377e+05,-21202,0
17536,3.1376e+05,-21171,0
17537,3.1376e+05,-21140,0
17538,3.1375e+05,-21110,0
17539,3.1375e+05,-21079,0
17540,3.1374e+05,-21048,0
17541,3.1374e+05,-21017,0
17542,3.1374e+05,-20987,0
17543,3.1373e+05,-20956,0
17544,3.1373e+05,-20925,0
17545,3.1372e+05,-20894,0
17546,3.1372e+05,-20864,0
17547,3.1371e+05,-20833,0
17548,3.1371e+05,-20802,0
17549,3.1371e+05,-20771,0
17550,3.137e+05,-20740,0
17551,3.137e+05,-20710,0
17552,3.1369e+05,-20679,0
17553,3.1369e+05,-20648,0
17554,3.1368e+05,-20617,0
17555,3.1368e+05,-20586,0
17556,3.1368e+05,-20556,0
17557,3.1367e+05,-20525,0
17558,3.1367e+05,-20494,0
17559,3.1366e+05,-20463,0
17560,3.1366e+05,-20432,0
17561,3.1365e+05,-20401,0
17562,3.1365e+05,-20371,0
17563,3.1365e+05,-20340,0
17564,3.1364e+05,-20309,0
17565,3.1364e+05,-20278,0
17566,3.1363e+05,-20247,0
17567,3.1363e+05,-20216,0
17568,3.1362e+05,-20186,0
17569,3.1362e+05,-20155,0
17570,3.1362e+05,-20124,0
17571,3.1361e+05,-20093,0
17572,3.1361e+05,-20062,0
17573,3.136e+05,-20031,0
17574,3.136e+05,-20001,0
17575,3.136e+05,-19970,0
17576,3.1359e+05,-19939,0
17577,3.1359e+05,-19908,0
17578,3.1358e+05,-19877,0
17579,3.1358e+05,-19846,0
17580,3.1358e+05,-19815,0
17581,3.1357e+05,-19784,0
17582,3.1357e+05,-19754,0
17583,3.1356e+05,-19723,0
17584,3.1356e+05,-19692,0
17585,3.1355e+05,-19661,0
17586,3.1355e+05,-19630,0
17587,3.1355e+05,-19599,0
17588,3.1354e+05,-19568,0
17589,3.1354e+05,-19537,0
17590,3.1353e+05,-19507,0
17591,3.1353e+05,-19476,0
17592,3.1353e+05,-19445,0
17593,3.1352e+05,-19414,0
17594,3.1352e+05,-19383,0
17595,3.1351e+05,-19352,0
17596,3.1351e+05,-19321,0
17597,3.1351e+05,-19290,0
17598,3.135e+05,-19259,0
17599,3.135e+05,-19228,0
17600,3.1349e+05,-19197,0
17601,3.1349e+05,-19167,0
17602,3.1349e+05,-19136,0
17603,3.1348e+05,-19105,0
17604,3.1348e+05,-19074,0
17605,3.1347e+05,-19043,0
17606,3.1347e+05,-19012,0
17607,3.1347e+05,-18981,0
17608,3.1346e+05,-18950,0
17609,3.1346e+05,-18919,0
17610,3.1345e+05,-18888,0
17611,3.1345e+05,-18857,0
17612,3.1345e+05,-18826,0
17613,3.1344e+05,-18795,0
17614,3.1344e+05,-18764,0
17615,3.1344e+05,-18733,0
17616,3.1343e+05,-18702,0
17617,3.1343e+05,-18671,0
17618,3.1342e+05,-18640,0
17619,3.1342e+05,-18609,0
17620,3.1342e+05,-18579,0
17621,3.1341e+05,-18548,0
17622,3.1341e+05,-18517,0
17623,3.134e+05,-18486,0
17624,3.134e+05,-18455,0
17625,3.134e+05,-18424,0
17626,3.1339e+05,-18393,0
17627,3.1339e+05,-18362,0
17628,3.1338e+05,-18331,0
17629,3.1338e+05,-18300,0
17630,3.1338e+05,-18269,0
17631,3.1337e+05,-18238,0
17632,3.1337e+05,-18207,0
17633,3.1337e+05,-18176,0
17634,3.1336e+05,-18145,0
17635,3.1336e+05,-18114,0
17636,3.1335e+05,-18083,0
17637,3.1335e+05,-18052,0
17638,3.1335e+05,-18021,0
17639,3.1334e+05,-17990,0
17640,3.1334e+05,-17959,0
17641,3.1334e+05,-17928,0
17642,3.1333e+05,-17897,0
17643,3.1333e+05,-17866,0
17644,3.1332e+05,-17835,0
17645,3.1332e+05,-17804,0
17646,3.1332e+05,-17773,0
17647,3.1331e+05,-17741,0
17648,3.1331e+05,-17710,0
17649,3.1331e+05,-17679,0
17650,3.133e+05,-17648,0
17651,3.133e+05,-17617,0
17652,3.133e+05,-17586,0
17653,3.1329e+05,-17555,0
17654,3.1329e+05,-17524,0
17655,3.1328e+05,-17493,0
17656,3.1328e+05,-17462,0
17657,3.1328e+05,-17431,0
17658,3.1327e+05,-17400,0
17659,3.1327e+05,-17369,0
17660,3.1327e+05,-17338,0
17661,3.1326e+05,-17307,0
17662,3.1326e+05,-17276,0
17663,3.1326e+05,-17245,0
17664,3.1325e+05,-17214,0
17665,3.1325e+05,-17183,0
17666,3.1324e+05,-17151,0
17667,3.1324e+05,-17120,0
17668,3.1324e+05,-17089,0
17669,3.1323e+05,-17058,0
17670,3.1323e+05,-17027,0
17671,3.1323e+05,-16996,0
17672,3.1322e+05,-16965,0
17673,3.1322e+05,-16934,0
17674,3.1322e+05,-16903,0
17675,3.1321e+05,-16872,0
17676,3.1321e+05,-16841,0
17677,3.1321e+05,-16810,0
17678,3.132e+05,-16778,0
17679,3.132e+05,-16747,0
17680,3.132e+05,-16716,0
17681,3.1319e+05,-16685,0
17682,3.1319e+05,-16654,0
17683,3.1319e+05,-16623,0
17684,3.1318e+05,-16592,0
17685,3.1318e+05,-16561,0
17686,3.1317e+05,-16530,0
17687,3.1317e+05,-16498,0
17688,3.1317e+05,-16467,0
17689,3.1316e+05,-16436,0
17690,3.1316e+05,-16405,0
17691,3.1316e+05,-16374,0
17692,3.1315e+05,-16343,0
17693,3.1315e+05,-16312,0
17694,3.1315e+05,-16281,0
17695,3.1314e+05,-16249,0
17696,3.1314e+05,-16218,0
17697,3.1314e+05,-16187,0
17698,3.1313e+05,-16156,0
17699,3.1313e+05,-16125,0
17700,3.1313e+05,-16094,0
17701,3.1312e+05,-16063,0
17702,3.1312e+05,-16031,0
17703,3.1312e+05,-16000,0
17704,3.1311e+05,-15969,0
17705,3.1311e+05,-15938,0
17706,3.1311e+05,-15907,0
17707,3.131e+05,-15876,0
17708,3.131e+05,-15844,0
17709,3.131e+05,-15813,0
17710,3.1309e+05,-15782,0
17711,3.1309e+05,-15751,0
17712,3.1309e+05,-15720,0
17713,3.1308e+05,-15689,0
17714,3.1308e+05,-15657,0
17715,3.1308e+05,-15626,0
17716,3.1307e+05,-15595,0
17717,3.1307e+05,-15564,0
17718,3.1307e+05,-15533,0
17719,3.1306e+05,-15501,0
17720,3.1306e+05,-15470,0
17721,3.1306e+05,-15439,0
17722,3.1306e+05,-15408,0
17723,3.1305e+05,-15377,0
17724,3.1305e+05,-15346,0
17725,3.1305e+05,-15314,0
17726,3.1304e+05,-15283,0
17727,3.1304e+05,-15252,0
17728,3.1304e+05,-15221,0
17729,3.1303e+05,-15190,0
17730,3.1303e+05,-15158,0
17731,3.1303e+05,-15127,0
17732,3.1302e+05,-15096,0
17733,3.1302e+05,-15065,0
17734,3.1302e+05,-15033,0
17735,3.1301e+05,-15002,0
17736,3.1301e+05,-14971,0
17737,3.1301e+05,-14940,0
17738,3.13e+05,-14909,0
17739,3.13e+05,-14877,0
17740,3.13e+05,-14846,0
17741,3.13e+05,-14815,0
17742,3.1299e+05,-14784,0
17743,3.1299e+05,-14752,0
17744,3.1299e+05,-14721,0
17745,3.1298e+05,-14690,0
17746,3.1298e+05,-14659,0
17747,3.1298e+05,-14628,0
17748,3.1297e+05,-14596,0
17749,3.1297e+05,-14565,0
17750,3.1297e+05,-14534,0
17751,3.1297e+05,-14503,0
17752,3.1296e+05,-14471,0
17753,3.1296e+05,-14440,0
17754,3.1296e+05,-14409,0
17755,3.1295e+05,-14378,0
17756,3.1295e+05,-14346,0
17757,3.1295e+05,-14315,0
17758,3.1294e+05,-14284,0
17759,3.1294e+05,-14252,0
17760,3.1294e+05,-14221,0
17761,3.1294e+05,-14190,0
17762,3.1293e+05,-14159,0
17763,3.1293e+05,-14127,0
17764,3.1293e+05,-14096,0
17765,3.1292e+05,-14065,0
17766,3.1292e+05,-14034,0
17767,3.1292e+05,-14002,0
17768,3.1291e+05,-13971,0
17769,3.1291e+05,-13940,0
17770,3.1291e+05,-13908,0
17771,3.1291e+05,-13877,0
17772,3.129e+05,-13846,0
17773,3.129e+05,-13815,0
17774,3.129e+05,-13783,0
17775,3.1289e+05,-13752,0
17776,3.1289e+05,-13721,0
17777,3.1289e+05,-13689,0
17778,3.1289e+05,-13658,0
17779,3.1288e+05,-13627,0
17780,3.1288e+05,-13596,0
17781,3.1288e+05,-13564,0
17782,3.1287e+05,-13533,0
17783,3.1287e+05,-13502,0
17784,3.1287e+05,-13470,0
17785,3.1287e+05,-13439,0
17786,3.1286e+05,-13408,0
17787,3.1286e+05,-13376,0
17788,3.1286e+05,-13345,0
17789,3.1286e+05,-13314,0
17790,3.1285e+05,-13282,0
17791,3.1285e+05,-13251,0
17792,3.1285e+05,-13220,0
17793,3.1284e+05,-13188,0
17794,3.1284e+05,-13157,0
17795,3.1284e+05,-13126,0
17796,3.1284e+05,-13095,0
17797,3.1283e+05,-13063,0
17798,3.1283e+05,-13032,0
17799,3.1283e+05,-13001,0
17800,3.1283e+05,-12969,0
17801,3.1282e+05,-12938,0
17802,3.1282e+05,-12907,0
17803,3.1282e+05,-12875,0
17804,3.1281e+05,-12844,0
17805,3.1281e+05,-12812,0
17806,3.1281e+05,-12781,0
17807,3.1281e+05,-12750,0
17808,3.128e+05,-12718,0
17809,3.128e+05,-12687,0
17810,3.128e+05,-12656,0
17811,3.128e+05,-12624,0
17812,3.1279e+05,-12593,0
17813,3.1279e+05,-12562,0
17814,3.1279e+05,-12530,0
17815,3.1279e+05,-12499,0
17816,3.1278e+05,-12468,0
17817,3.1278e+05,-12436,0
17818,3.1278e+05,-12405,0
17819,3.1277e+05,-12374,0
17820,3.1277e+05,-12342,0
17821,3.1277e+05,-12311,0
17822,3.1277e+05,-12279,0
17823,3.1276e+05,-12248,0
17824,3.1276e+05,-12217,0
17825,3.1276e+05,-12185,0
17826,3.1276e+05,-12154,0
17827,3.1275e+05,-12123,0
17828,3.1275e+05,-12091,0
17829,3.1275e+05,-12060,0
17830,3.1275e+05,-12028,0
17831,3.1274e+05,-11997,0
17832,3.1274e+05,-11966,0
17833,3.1274e+05,-11934,0
17834,3.1274e+05,-11903,0
17835,3.1273e+05,-11871,0
17836,3.1273e+05,-11840,0
17837,3.1273e+05,-11809,0
17838,3.1273e+05,-11777,0
17839,3.1272e+05,-11746,0
17840,3.1272e+05,-11714,0
17841,3.1272e+05,-11683,0
17842,3.1272e+05,-11652,0
17843,3.1271e+05,-11620,0
17844,3.1271e+05,-11589,0
17845,3.1271e+05,-11557,0
17846,3.1271e+05,-11526,0
17847,3.1271e+05,-11495,0
17848,3.127e+05,-11463,0
17849,3.127e+05,-11432,0
17850,3.127e+05,-11400,0
17851,3.127e+05,-11369,0
17852,3.1269e+05,-11338,0
17853,3.1269e+05,-11306,0
17854,3.1269e+05,-11275,0
17855,3.1269e+05,-11243,0
17856,3.1268e+05,-11212,0
17857,3.1268e+05,-11180,0
17858,3.1268e+05,-11149,0
17859,3.1268e+05,-11118,0
17860,3.1267e+05,-11086,0
17861,3.1267e+05,-11055,0
17862,3.1267e+05,-11023,0
17863,3.1267e+05,-10992,0
17864,3.1267e+05,-10960,0
17865,3.1266e+05,-10929,0
17866,3.1266e+05,-10898,0
17867,3.1266e+05,-10866,0
17868,3.1266e+05,-10835,0
17869,3.1265e+05,-10803,0
17870,3.1265e+05,-10772,0
17871,3.1265e+05,-10740,0
17872,3.1265e+05,-10709,0
17873,3.1265e+05,-10677,0
17874,3.1264e+05,-10646,0
17875,3.1264e+05,-10615,0
17876,3.1264e+05,-10583,0
17877,3.1264e+05,-10552,0
17878,3.1263e+05,-10520,0
17879,3.1263e+05,-10489,0
17880,3.1263e+05,-10457,0
17881,3.1263e+05,-10426,0
17882,3.1263e+05,-10394,0
17883,3.1262e+05,-10363,0
17884,3.1262e+05,-10331,0
17885,3.1262e+05,-10300,0
17886,3.1262e+05,-10269,0
17887,3.1261e+05,-10237,0
17888,3.1261e+05,-10206,0
17889,3.1261e+05,-10174,0
17890,3.1261e+05,-10143,0
17891,3.1261e+05,-10111,0
17892,3.126e+05,-10080,0
17893,3.126e+05,-10048,0
17894,3.126e+05,-10017,0
17895,3.126e+05,-9985.3,0
17896,3.126e+05,-9953.8,0
17897,3.1259e+05,-9922.4,0
17898,3.1259e+05,-9890.9,0
17899,3.1259e+05,-9859.4,0
17900,3.1259e+05,-9827.9,0
17901,3.1259e+05,-9796.4,0
17902,3.1258e+05,-9764.9,0
17903,3.1258e+05,-9733.5,0
17904,3.1258e+05,-9702,0
17905,3.1258e+05,-9670.5,0
17906,3.1258e+05,-9639,0
17907,3.1257e+05,-9607.5,0
17908,3.1257e+05,-9576,0
17909,3.1257e+05,-9544.5,0
17910,3.1257e+05,-9513,0
17911,3.1257e+05,-9481.5,0
17912,3.1256e+05,-9450,0
17913,3.1256e+05,-9418.5,0
17914,3.1256e+05,-9387,0
17915,3.1256e+05,-9355.5,0
17916,3.1256e+05,-9324,0
17917,3.1255e+05,-9292.5,0
17918,3.1255e+05,-9261,0
17919,3.1255e+05,-9229.5,0
17920,3.1255e+05,-9198,0
17921,3.1255e+05,-9166.5,0
17922,3.1254e+05,-9135,0
17923,3.1254e+05,-9103.5,0
17924,3.1254e+05,-9072,0
17925,3.1254e+05,-9040.4,0
17926,3.1254e+05,-9008.9,0
17927,3.1253e+05,-8977.4,0
17928,3.1253e+05,-8945.9,0
17929,3.1253e+05,-8914.4,0
17930,3.1253e+05,-8882.9,0
17931,3.1253e+05,-8851.3,0
17932,3.1253e+05,-8819.8,0
17933,3.1252e+05,-8788.3,0
17934,3.1252e+05,-8756.8,0
17935,3.1252e+05,-8725.2,0
17936,3.1252e+05,-8693.7,0
17937,3.1252e+05,-8662.2,0
17938,3.1251e+05,-8630.7,0
17939,3.1251e+05,-8599.1,0
17940,3.1251e+05,-8567.6,0
17941,3.1251e+05,-8536.1,0
17942,3.1251e+05,-8504.5,0
17943,3.1251e+05,-8473,0
17944,3.125e+05,-8441.5,0
17945,3.125e+05,-8409.9,0
17946,3.125e+05,-8378.4,0
17947,3.125e+05,-8346.9,0
17948,3.125e+05,-8315.3,0
17949,3.125e+05,-8283.8,0
17950,3.1249e+05,-8252.2,0
17951,3.1249e+05,-8220.7,0
17952,3.1249e+05,-8189.1,0
17953,3.1249e+05,-8157.6,0
17954,3.1249e+05,-8126.1,0
17955,3.1248e+05,-8094.5,0
17956,3.1248e+05,-8063,0
17957,3.1248e+05,-8031.4,0
17958,3.1248e+05,-7999.9,0
17959,3.1248e+05,-7968.3,0
17960,3.1248e+05,-7936.8,0
17961,3.1247e+05,-7905.2,0
17962,3.1247e+05,-7873.6,0
17963,3.1247e+05,-7842.1,0
17964,3.1247e+05,-7810.5,0
17965,3.1247e+05,-7779,0
17966,3.1247e+05,-7747.4,0
17967,3.1247e+05,-7715.9,0
17968,3.1246e+05,-7684.3,0
17969,3.1246e+05,-7652.7,0
17970,3.1246e+05,-7621.2,0
17971,3.1246e+05,-7589.6,0
17972,3.1246e+05,-7558,0
17973,3.1246e+05,-7526.5,0
17974,3.1245e+05,-7494.9,0
17975,3.1245e+05,-7463.3,0
17976,3.1245e+05,-7431.8,0
17977,3.1245e+05,-7400.2,0
17978,3.1245e+05,-7368.6,0
17979,3.1245e+05,-7337.1,0
17980,3.1244e+05,-7305.5,0
17981,3.1244e+05,-7273.9,0
17982,3.1244e+05,-7242.3,0
17983,3.1244e+05,-7210.8,0
17984,3.1244e+05,-7179.2,0
17985,3.1244e+05,-7147.6,0
17986,3.1244e+05,-7116,0
17987,3.1243e+05,-7084.5,0
17988,3.1243e+05,-7052.9,0
17989,3.1243e+05,-7021.3,0
17990,3.1243e+05,-6989.7,0
17991,3.1243e+05,-6958.1,0
17992,3.1243e+05,-6926.5,0
17993,3.1243e+05,-6895,0
17994,3.1242e+05,-6863.4,0
17995,3.1242e+05,-6831.8,0
17996,3.1242e+05,-6800.2,0
17997,3.1242e+05,-6768.6,0
17998,3.1242e+05,-6737,0
17999,3.1242e+05,-6705.4,0
18000,3.1242e+05,-6673.8,0
18001,3.1241e+05,-6642.3,0
18002,3.1241e+05,-6610.7,0
18003,3.1241e+05,-6579.1,0
18004,3.1241e+05,-6547.5,0
18005,3.1241e+05,-6515.9,0
18006,3.1241e+05,-6484.3,0
18007,3.1241e+05,-6452.7,0
18008,3.124e+05,-6421.1,0
18009,3.124e+05,-6389.5,0
18010,3.124e+05,-6357.9,0
18011,3.124e+05,-6326.3,0
18012,3.124e+05,-6294.7,0
18013,3.124e+05,-6263.1,0
18014,3.124e+05,-6231.5,0
18015,3.124e+05,-6199.9,0
18016,3.1239e+05,-6168.3,0
18017,3.1239e+05,-6136.7,0
18018,3.1239e+05,-6105.1,0
18019,3.1239e+05,-6073.5,0
18020,3.1239e+05,-6041.9,0
18021,3.1239e+05,-6010.2,0
18022,3.1239e+05,-5978.6,0
18023,3.1239e+05,-5947,0
18024,3.1238e+05,-5915.4,0
18025,3.1238e+05,-5883.8,0
18026,3.1238e+05,-5852.2,0
18027,3.1238e+05,-5820.6,0
18028,3.1238e+05,-5789,0
18029,3.1238e+05,-5757.4,0
18030,3.1238e+05,-5725.7,0
18031,3.1238e+05,-5694.1,0
18032,3.1237e+05,-5662.5,0
18033,3.1237e+05,-5630.9,0
18034,3.1237e+05,-5599.3,0
18035,3.1237e+05,-5567.7,0
18036,3.1237e+05,-5536,0
18037,3.1237e+05,-5504.4,0
18038,3.1237e+05,-5472.8,0
18039,3.1237e+05,-5441.2,0
18040,3.1237e+05,-5409.5,0
18041,3.1236e+05,-5377.9,0
18042,3.1236e+05,-5346.3,0
18043,3.1236e+05,-5314.7,0
18044,3.1236e+05,-5283.1,0
18045,3.1236e+05,-5251.4,0
18046,3.1236e+05,-5219.8,0
18047,3.1236e+05,-5188.2,0
18048,3.1236e+05,-5156.5,0
18049,3.1236e+05,-5124.9,0
18050,3.1235e+05,-5093.3,0
18051,3.1235e+05,-5061.7,0
18052,3.1235e+05,-5030,0
18053,3.1235e+05,-4998.4,0
18054,3.1235e+05,-4966.8,0
18055,3.1235e+05,-4935.1,0
18056,3.1235e+05,-4903.5,0
18057,3.1235e+05,-4871.9,0
18058,3.1235e+05,-4840.2,0
18059,3.1235e+05,-4808.6,0
18060,3.1234e+05,-4777,0
18061,3.1234e+05,-4745.3,0
18062,3.1234e+05,-4713.7,0
18063,3.1234e+05,-4682,0
18064,3.1234e+05,-4650.4,0
18065,3.1234e+05,-4618.8,0
18066,3.1234e+05,-4587.1,0
18067,3.1234e+05,-4555.5,0
18068,3.1234e+05,-4523.9,0
18069,3.1234e+05,-4492.2,0
18070,3.1233e+05,-4460.6,0
18071,3.1233e+05,-4428.9,0
18072,3.1233e+05,-4397.3,0
18073,3.1233e+05,-4365.6,0
18074,3.1233e+05,-4334,0
18075,3.1233e+05,-4302.3,0
18076,3.1233e+05,-4270.7,0
18077,3.1233e+05,-4239.1,0
18078,3.1233e+05,-4207.4,0
18079,3.1233e+05,-4175.8,0
18080,3.1233e+05,-4144.1,0
18081,3.1232e+05,-4112.5,0
18082,3.1232e+05,-4080.8,0
18083,3.1232e+05,-4049.2,0
18084,3.1232e+05,-4017.5,0
18085,3.1232e+05,-3985.9,0
18086,3.1232e+05,-3954.2,0
18087,3.1232e+05,-3922.6,0
18088,3.1232e+05,-3890.9,0
18089,3.1232e+05,-3859.3,0
18090,3.1232e+05,-3827.6,0
18091,3.1232e+05,-3796,0
18092,3.1232e+05,-3764.3,0
18093,3.1231e+05,-3732.7,0
18094,3.1231e+05,-3701,0
18095,3.1231e+05,-3669.3,0
18096,3.1231e+05,-3637.7,0
18097,3.1231e+05,-3606,0
18098,3.1231e+05,-3574.4,0
18099,3.1231e+05,-3542.7,0
18100,3.1231e+05,-3511.1,0
18101,3.1231e+05,-3479.4,0
18102,3.1231e+05,-3447.7,0
18103,3.1231e+05,-3416.1,0
18104,3.1231e+05,-3384.4,0
18105,3.1231e+05,-3352.8,0
18106,3.1231e+05,-3321.1,0
18107,3.123e+05,-3289.4,0
18108,3.123e+05,-3257.8,0
18109,3.123e+05,-3226.1,0
18110,3.123e+05,-3194.5,0
18111,3.123e+05,-3162.8,0
18112,3.123e+05,-3131.1,0
18113,3.123e+05,-3099.5,0
18114,3.123e+05,-3067.8,0
18115,3.123e+05,-3036.1,0
18116,3.123e+05,-3004.5,0
18117,3.123e+05,-2972.8,0
18118,3.123e+05,-2941.1,0
18119,3.123e+05,-2909.5,0
18120,3.123e+05,-2877.8,0
18121,3.123e+05,-2846.2,0
18122,3.1229e+05,-2814.5,0
18123,3.1229e+05,-2782.8,0
18124,3.1229e+05,-2751.1,0
18125,3.1229e+05,-2719.5,0
18126,3.1229e+05,-2687.8,0
18127,3.1229e+05,-2656.1,0
18128,3.1229e+05,-2624.5,0
18129,3.1229e+05,-2592.8,0
18130,3.1229e+05,-2561.1,0
18131,3.1229e+05,-2529.5,0
18132,3.1229e+05,-2497.8,0
18133,3.1229e+05,-2466.1,0
18134,3.1229e+05,-2434.5,0
18135,3.1229e+05,-2402.8,0
18136,3.1229e+05,-2371.1,0
18137,3.1229e+05,-2339.4,0
18138,3.1229e+05,-2307.8,0
18139,3.1229e+05,-2276.1,0
18140,3.1229e+05,-2244.4,0
18141,3.1228e+05,-2212.8,0
18142,3.1228e+05,-2181.1,0
18143,3.1228e+05,-2149.4,0
18144,3.1228e+05,-2117.7,0
18145,3.1228e+05,-2086.1,0
18146,3.1228e+05,-2054.4,0
18147,3.1228e+05,-2022.7,0
18148,3.1228e+05,-1991,0
18149,3.1228e+05,-1959.4,0
18150,3.1228e+05,-1927.7,0
18151,3.1228e+05,-1896,0
18152,3.1228e+05,-1864.3,0
18153,3.1228e+05,-1832.7,0
18154,3.1228e+05,-1801,0
18155,3.1228e+05,-1769.3,0
18156,3.1228e+05,-1737.6,0
18157,3.1228e+05,-1705.9,0
18158,3.1228e+05,-1674.3,0
18159,3.1228e+05,-1642.6,0
18160,3.1228e+05,-1610.9,0
18161,3.1228e+05,-1579.2,0
18162,3.1228e+05,-1547.6,0
18163,3.1228e+05,-1515.9,0
18164,3.1228e+05,-1484.2,0
18165,3.1228e+05,-1452.5,0
18166,3.1228e+05,-1420.8,0
18167,3.1228e+05,-1389.2,0
18168,3.1227e+05,-1357.5,0
18169,3.1227e+05,-1325.8,0
18170,3.1227e+05,-1294.1,0
18171,3.1227e+05,-1262.4,0
18172,3.1227e+05,-1230.8,0
18173,3.1227e+05,-1199.1,0
18174,3.1227e+05,-1167.4,0
18175,3.1227e+05,-1135.7,0
18176,3.1227e+05,-1104,0
18177,3.1227e+05,-1072.4,0
18178,3.1227e+05,-1040.7,0
18179,3.1227e+05,-1009,0
18180,3.1227e+05,-977.32,0
18181,3.1227e+05,-945.64,0
18182,3.1227e+05,-913.95,0
18183,3.1227e+05,-882.27,0
18184,3.1227e+05,-850.59,0
18185,3.1227e+05,-818.91,0
18186,3.1227e+05,-787.23,0
18187,3.1227e+05,-755.55,0
18188,3.1227e+05,-723.86,0
18189,3.1227e+05,-692.18,0
18190,3.1227e+05,-660.5,0
18191,3.1227e+05,-628.82,0
18192,3.1227e+05,-597.13,0
18193,3.1227e+05,-565.45,0
18194,3.1227e+05,-533.77,0
18195,3.1227e+05,-502.09,0
18196,3.1227e+05,-470.4,0
18197,3.1227e+05,-438.72,0
18198,3.1227e+05,-407.04,0
18199,3.1227e+05,-375.35,0
18200,3.1227e+05,-343.67,0
18201,3.1227e+05,-311.99,0
18202,3.1227e+05,-280.3,0
18203,3.1227e+05,-248.62,0
18204,3.1227e+05,-216.94,0
18205,3.1227e+05,-185.26,0
18206,3.1227e+05,-153.57,0
18207,3.1227e+05,-121.89,0
18208,3.1227e+05,-90.205,0
18209,3.1227e+05,-58.522,0
18210,3.1227e+05,-26.839,0
18211,3.1227e+05,4.8447,0
18212,3.1227e+05,36.528,0
18213,3.1227e+05,68.211,0
18214,3.1227e+05,99.895,0
18215,3.1227e+05,131.58,0
18216,3.1227e+05,163.26,0
18217,3.1227e+05,194.94,0
18218,3.1227e+05,226.63,0
18219,3.1227e+05,258.31,0
18220,3.1227e+05,289.99,0
18221,3.1227e+05,321.68,0
18222,3.1227e+05,353.36,0
18223,3.1227e+05,385.04,0
18224,3.1227e+05,416.73,0
18225,3.1227e+05,448.41,0
18226,3.1227e+05,480.09,0
18227,3.1227e+05,511.77,0
18228,3.1227e+05,543.46,0
18229,3.1227e+05,575.14,0
18230,3.1227e+05,606.82,0
18231,3.1227e+05,638.51,0
18232,3.1227e+05,670.19,0
18233,3.1227e+05,701.87,0
18234,3.1227e+05,733.55,0
18235,3.1227e+05,765.23,0
18236,3.1227e+05,796.92,0
18237,3.1227e+05,828.6,0
18238,3.1227e+05,860.28,0
18239,3.1227e+05,891.96,0
18240,3.1227e+05,923.64,0
18241,3.1227e+05,955.32,0
18242,3.1227e+05,987.01,0
18243,3.1227e+05,1018.7,0
18244,3.1227e+05,1050.4,0
18245,3.1227e+05,1082,0
18246,3.1227e+05,1113.7,0
18247,3.1227e+05,1145.4,0
18248,3.1227e+05,1177.1,0
18249,3.1227e+05,1208.8,0
18250,3.1227e+05,1240.5,0
18251,3.1227e+05,1272.1,0
18252,3.1227e+05,1303.8,0
18253,3.1227e+05,1335.5,0
18254,3.1227e+05,1367.2,0
18255,3.1228e+05,1398.9,0
18256,3.1228e+05,1430.5,0
18257,3.1228e+05,1462.2,0
18258,3.1228e+05,1493.9,0
18259,3.1228e+05,1525.6,0
18260,3.1228e+05,1557.2,0
18261,3.1228e+05,1588.9,0
18262,3.1228e+05,1620.6,0
18263,3.1228e+05,1652.3,0
18264,3.1228e+05,1684,0
18265,3.1228e+05,1715.6,0
18266,3.1228e+05,1747.3,0
18267,3.1228e+05,1779,0
18268,3.1228e+05,1810.7,0
18269,3.1228e+05,1842.3,0
18270,3.1228e+05,1874,0
18271,3.1228e+05,1905.7,0
18272,3.1228e+05,1937.4,0
18273,3.1228e+05,1969,0
18274,3.1228e+05,2000.7,0
18275,3.1228e+05,2032.4,0
18276,3.1228e+05,2064.1,0
18277,3.1228e+05,2095.7,0
18278,3.1228e+05,2127.4,0
18279,3.1228e+05,2159.1,0
18280,3.1228e+05,2190.8,0
18281,3.1229e+05,2222.4,0
18282,3.1229e+05,2254.1,0
18283,3.1229e+05,2285.8,0
18284,3.1229e+05,2317.5,0
18285,3.1229e+05,2349.1,0
18286,3.1229e+05,2380.8,0
18287,3.1229e+05,2412.5,0
18288,3.1229e+05,2444.1,0
18289,3.1229e+05,2475.8,0
18290,3.1229e+05,2507.5,0
18291,3.1229e+05,2539.2,0
18292,3.1229e+05,2570.8,0
18293,3.1229e+05,2602.5,0
18294,3.1229e+05,2634.2,0
18295,3.1229e+05,2665.8,0
18296,3.1229e+05,2697.5,0
18297,3.1229e+05,2729.2,0
18298,3.1229e+05,2760.8,0
18299,3.1229e+05,2792.5,0
18300,3.123e+05,2824.2,0
18301,3.123e+05,2855.8,0
18302,3.123e+05,2887.5,0
18303,3.123e+05,2919.2,0
18304,3.123e+05,2950.8,0
18305,3.123e+05,2982.5,0
18306,3.123e+05,3014.2,0
18307,3.123e+05,3045.8,0
18308,3.123e+05,3077.5,0
18309,3.123e+05,3109.2,0
18310,3.123e+05,3140.8,0
18311,3.123e+05,3172.5,0
18312,3.123e+05,3204.1,0
18313,3.123e+05,3235.8,0
18314,3.123e+05,3267.5,0
18315,3.123e+05,3299.1,0
18316,3.1231e+05,3330.8,0
18317,3.1231e+05,3362.4,0
18318,3.1231e+05,3394.1,0
18319,3.1231e+05,3425.8,0
18320,3.1231e+05,3457.4,0
18321,3.1231e+05,3489.1,0
18322,3.1231e+05,3520.7,0
18323,3.1231e+05,3552.4,0
18324,3.1231e+05,3584.1,0
18325,3.1231e+05,3615.7,0
18326,3.1231e+05,3647.4,0
18327,3.1231e+05,3679,0
18328,3.1231e+05,3710.7,0
18329,3.1231e+05,3742.3,0
18330,3.1232e+05,3774,0
18331,3.1232e+05,3805.6,0
18332,3.1232e+05,3837.3,0
18333,3.1232e+05,3868.9,0
18334,3.1232e+05,3900.6,0
18335,3.1232e+05,3932.2,0
18336,3.1232e+05,3963.9,0
18337,3.1232e+05,3995.6,0
18338,3.1232e+05,4027.2,0
18339,3.1232e+05,4058.9,0
18340,3.1232e+05,4090.5,0
18341,3.1232e+05,4122.1,0
18342,3.1233e+05,4153.8,0
18343,3.1233e+05,4185.4,0
18344,3.1233e+05,4217.1,0
18345,3.1233e+05,4248.7,0
18346,3.1233e+05,4280.4,0
18347,3.1233e+05,4312,0
18348,3.1233e+05,4343.7,0
18349,3.1233e+05,4375.3,0
18350,3.1233e+05,4407,0
18351,3.1233e+05,4438.6,0
18352,3.1233e+05,4470.2,0
18353,3.1234e+05,4501.9,0
18354,3.1234e+05,4533.5,0
18355,3.1234e+05,4565.2,0
18356,3.1234e+05,4596.8,0
18357,3.1234e+05,4628.4,0
18358,3.1234e+05,4660.1,0
18359,3.1234e+05,4691.7,0
18360,3.1234e+05,4723.4,0
18361,3.1234e+05,4755,0
18362,3.1234e+05,4786.6,0
18363,3.1235e+05,4818.3,0
18364,3.1235e+05,4849.9,0
18365,3.1235e+05,4881.5,0
18366,3.1235e+05,4913.2,0
18367,3.1235e+05,4944.8,0
18368,3.1235e+05,4976.4,0
18369,3.1235e+05,5008.1,0
18370,3.1235e+05,5039.7,0
18371,3.1235e+05,5071.3,0
18372,3.1235e+05,5103,0
18373,3.1236e+05,5134.6,0
18374,3.1236e+05,5166.2,0
18375,3.1236e+05,5197.8,0
18376,3.1236e+05,5229.5,0
18377,3.1236e+05,5261.1,0
18378,3.1236e+05,5292.7,0
18379,3.1236e+05,5324.3,0
18380,3.1236e+05,5356,0
18381,3.1236e+05,5387.6,0
18382,3.1237e+05,5419.2,0
18383,3.1237e+05,5450.8,0
18384,3.1237e+05,5482.5,0
18385,3.1237e+05,5514.1,0
18386,3.1237e+05,5545.7,0
18387,3.1237e+05,5577.3,0
18388,3.1237e+05,5608.9,0
18389,3.1237e+05,5640.6,0
18390,3.1237e+05,5672.2,0
18391,3.1238e+05,5703.8,0
18392,3.1238e+05,5735.4,0
18393,3.1238e+05,5767,0
18394,3.1238e+05,5798.6,0
18395,3.1238e+05,5830.3,0
18396,3.1238e+05,5861.9,0
18397,3.1238e+05,5893.5,0
18398,3.1238e+05,5925.1,0
18399,3.1239e+05,5956.7,0
18400,3.1239e+05,5988.3,0
18401,3.1239e+05,6019.9,0
18402,3.1239e+05,6051.5,0
18403,3.1239e+05,6083.1,0
18404,3.1239e+05,6114.7,0
18405,3.1239e+05,6146.3,0
18406,3.1239e+05,6177.9,0
18407,3.124e+05,6209.6,0
18408,3.124e+05,6241.2,0
18409,3.124e+05,6272.8,0
18410,3.124e+05,6304.4,0
18411,3.124e+05,6336,0
18412,3.124e+05,6367.6,0
18413,3.124e+05,6399.2,0
18414,3.1241e+05,6430.8,0
18415,3.1241e+05,6462.4,0
18416,3.1241e+05,6493.9,0
18417,3.1241e+05,6525.5,0
18418,3.1241e+05,6557.1,0
18419,3.1241e+05,6588.7,0
18420,3.1241e+05,6620.3,0
18421,3.1241e+05,6651.9,0
18422,3.1242e+05,6683.5,0
18423,3.1242e+05,6715.1,0
18424,3.1242e+05,6746.7,0
18425,3.1242e+05,6778.3,0
18426,3.1242e+05,6809.9,0
18427,3.1242e+05,6841.5,0
18428,3.1242e+05,6873,0
18429,3.1243e+05,6904.6,0
18430,3.1243e+05,6936.2,0
18431,3.1243e+05,6967.8,0
18432,3.1243e+05,6999.4,0
18433,3.1243e+05,7031,0
18434,3.1243e+05,7062.5,0
18435,3.1243e+05,7094.1,0
18436,3.1244e+05,7125.7,0
18437,3.1244e+05,7157.3,0
18438,3.1244e+05,7188.8,0
18439,3.1244e+05,7220.4,0
18440,3.1244e+05,7252,0
18441,3.1244e+05,7283.6,0
18442,3.1245e+05,7315.1,0
18443,3.1245e+05,7346.7,0
18444,3.1245e+05,7378.3,0
18445,3.1245e+05,7409.9,0
18446,3.1245e+05,7441.4,0
18447,3.1245e+05,7473,0
18448,3.1245e+05,7504.6,0
18449,3.1246e+05,7536.1,0
18450,3.1246e+05,7567.7,0
18451,3.1246e+05,7599.3,0
18452,3.1246e+05,7630.8,0
18453,3.1246e+05,7662.4,0
18454,3.1246e+05,7693.9,0
18455,3.1247e+05,7725.5,0
18456,3.1247e+05,7757.1,0
18457,3.1247e+05,7788.6,0
18458,3.1247e+05,7820.2,0
18459,3.1247e+05,7851.7,0
18460,3.1247e+05,7883.3,0
18461,3.1248e+05,7914.8,0
18462,3.1248e+05,7946.4,0
18463,3.1248e+05,7978,0
18464,3.1248e+05,8009.5,0
18465,3.1248e+05,8041.1,0
18466,3.1248e+05,8072.6,0
18467,3.1249e+05,8104.2,0
18468,3.1249e+05,8135.7,0
18469,3.1249e+05,8167.2,0
18470,3.1249e+05,8198.8,0
18471,3.1249e+05,8230.3,0
18472,3.1249e+05,8261.9,0
18473,3.125e+05,8293.4,0
18474,3.125e+05,8325,0
18475,3.125e+05,8356.5,0
18476,3.125e+05,8388,0
18477,3.125e+05,8419.6,0
18478,3.125e+05,8451.1,0
18479,3.1251e+05,8482.6,0
18480,3.1251e+05,8514.2,0
18481,3.1251e+05,8545.7,0
18482,3.1251e+05,8577.2,0
18483,3.1251e+05,8608.8,0
18484,3.1252e+05,8640.3,0
18485,3.1252e+05,8671.8,0
18486,3.1252e+05,8703.4,0
18487,3.1252e+05,8734.9,0
18488,3.1252e+05,8766.4,0
18489,3.1252e+05,8797.9,0
18490,3.1253e+05,8829.5,0
18491,3.1253e+05,8861,0
18492,3.1253e+05,8892.5,0
18493,3.1253e+05,8924,0
18494,3.1253e+05,8955.5,0
18495,3.1254e+05,8987,0
18496,3.1254e+05,9018.6,0
18497,3.1254e+05,9050.1,0
18498,3.1254e+05,9081.6,0
18499,3.1254e+05,9113.1,0
18500,3.1254e+05,9144.6,0
18501,3.1255e+05,9176.1,0
18502,3.1255e+05,9207.6,0
18503,3.1255e+05,9239.1,0
18504,3.1255e+05,9270.6,0
18505,3.1255e+05,9302.2,0
18506,3.1256e+05,9333.7,0
18507,3.1256e+05,9365.2,0
18508,3.1256e+05,9396.7,0
18509,3.1256e+05,9428.2,0
18510,3.1256e+05,9459.7,0
18511,3.1257e+05,9491.2,0
18512,3.1257e+05,9522.7,0
18513,3.1257e+05,9554.1,0
18514,3.1257e+05,9585.6,0
18515,3.1257e+05,9617.1,0
18516,3.1258e+05,9648.6,0
18517,3.1258e+05,9680.1,0
18518,3.1258e+05,9711.6,0
18519,3.1258e+05,9743.1,0
18520,3.1258e+05,9774.6,0
18521,3.1259e+05,9806.1,0
18522,3.1259e+05,9837.5,0
18523,3.1259e+05,9869,0
18524,3.1259e+05,9900.5,0
18525,3.1259e+05,9932,0
18526,3.126e+05,9963.5,0
18527,3.126e+05,9994.9,0
18528,3.126e+05,10026,0
18529,3.126e+05,10058,0
18530,3.126e+05,10089,0
18531,3.1261e+05,10121,0
18532,3.1261e+05,10152,0
18533,3.1261e+05,10184,0
18534,3.1261e+05,10215,0
18535,3.1262e+05,10247,0
18536,3.1262e+05,10278,0
18537,3.1262e+05,10310,0
18538,3.1262e+05,10341,0
18539,3.1262e+05,10373,0
18540,3.1263e+05,10404,0
18541,3.1263e+05,10435,0
18542,3.1263e+05,10467,0
18543,3.1263e+05,10498,0
18544,3.1263e+05,10530,0
18545,3.1264e+05,10561,0
18546,3.1264e+05,10593,0
18547,3.1264e+05,10624,0
18548,3.1264e+05,10656,0
18549,3.1265e+05,10687,0
18550,3.1265e+05,10719,0
18551,3.1265e+05,10750,0
18552,3.1265e+05,10781,0
18553,3.1265e+05,10813,0
18554,3.1266e+05,10844,0
18555,3.1266e+05,10876,0
18556,3.1266e+05,10907,0
18557,3.1266e+05,10939,0
18558,3.1267e+05,10970,0
18559,3.1267e+05,11002,0
18560,3.1267e+05,11033,0
18561,3.1267e+05,11064,0
18562,3.1268e+05,11096,0
18563,3.1268e+05,11127,0
18564,3.1268e+05,11159,0
18565,3.1268e+05,11190,0
18566,3.1268e+05,11222,0
18567,3.1269e+05,11253,0
18568,3.1269e+05,11284,0
18569,3.1269e+05,11316,0
18570,3.1269e+05,11347,0
18571,3.127e+05,11379,0
18572,3.127e+05,11410,0
18573,3.127e+05,11441,0
18574,3.127e+05,11473,0
18575,3.1271e+05,11504,0
18576,3.1271e+05,11536,0
18577,3.1271e+05,11567,0
18578,3.1271e+05,11598,0
18579,3.1272e+05,11630,0
18580,3.1272e+05,11661,0
18581,3.1272e+05,11693,0
18582,3.1272e+05,11724,0
18583,3.1273e+05,11755,0
18584,3.1273e+05,11787,0
18585,3.1273e+05,11818,0
18586,3.1273e+05,11850,0
18587,3.1274e+05,11881,0
18588,3.1274e+05,11912,0
18589,3.1274e+05,11944,0
18590,3.1274e+05,11975,0
18591,3.1275e+05,12007,0
18592,3.1275e+05,12038,0
18593,3.1275e+05,12069,0
18594,3.1275e+05,12101,0
18595,3.1276e+05,12132,0
18596,3.1276e+05,12164,0
18597,3.1276e+05,12195,0
18598,3.1276e+05,12226,0
18599,3.1277e+05,12258,0
18600,3.1277e+05,12289,0
18601,3.1277e+05,12320,0
18602,3.1277e+05,12352,0
18603,3.1278e+05,12383,0
18604,3.1278e+05,12414,0
18605,3.1278e+05,12446,0
18606,3.1278e+05,12477,0
18607,3.1279e+05,12509,0
18608,3.1279e+05,12540,0
18609,3.1279e+05,12571,0
18610,3.1279e+05,12603,0
18611,3.128e+05,12634,0
18612,3.128e+05,12665,0
18613,3.128e+05,12697,0
18614,3.128e+05,12728,0
18615,3.1281e+05,12759,0
18616,3.1281e+05,12791,0
18617,3.1281e+05,12822,0
18618,3.1282e+05,12853,0
18619,3.1282e+05,12885,0
18620,3.1282e+05,12916,0
18621,3.1282e+05,12947,0
18622,3.1283e+05,12979,0
18623,3.1283e+05,13010,0
18624,3.1283e+05,13041,0
18625,3.1283e+05,13073,0
18626,3.1284e+05,13104,0
18627,3.1284e+05,13135,0
18628,3.1284e+05,13167,0
18629,3.1284e+05,13198,0
18630,3.1285e+05,13229,0
18631,3.1285e+05,13261,0
18632,3.1285e+05,13292,0
18633,3.1286e+05,13323,0
18634,3.1286e+05,13355,0
18635,3.1286e+05,13386,0
18636,3.1286e+05,13417,0
18637,3.1287e+05,13449,0
18638,3.1287e+05,13480,0
18639,3.1287e+05,13511,0
18640,3.1288e+05,13543,0
18641,3.1288e+05,13574,0
18642,3.1288e+05,13605,0
18643,3.1288e+05,13636,0
18644,3.1289e+05,13668,0
18645,3.1289e+05,13699,0
18646,3.1289e+05,13730,0
18647,3.129e+05,13762,0
18648,3.129e+05,13793,0
18649,3.129e+05,13824,0
18650,3.129e+05,13855,0
18651,3.1291e+05,13887,0
18652,3.1291e+05,13918,0
18653,3.1291e+05,13949,0
18654,3.1292e+05,13981,0
18655,3.1292e+05,14012,0
18656,3.1292e+05,14043,0
18657,3.1292e+05,14074,0
18658,3.1293e+05,14106,0
18659,3.1293e+05,14137,0
18660,3.1293e+05,14168,0
18661,3.1294e+05,14200,0
18662,3.1294e+05,14231,0
18663,3.1294e+05,14262,0
18664,3.1295e+05,14293,0
18665,3.1295e+05,14325,0
18666,3.1295e+05,14356,0
18667,3.1295e+05,14387,0
18668,3.1296e+05,14418,0
18669,3.1296e+05,14450,0
18670,3.1296e+05,14481,0
18671,3.1297e+05,14512,0
18672,3.1297e+05,14543,0
18673,3.1297e+05,14575,0
18674,3.1298e+05,14606,0
18675,3.1298e+05,14637,0
18676,3.1298e+05,14668,0
18677,3.1298e+05,14700,0
18678,3.1299e+05,14731,0
18679,3.1299e+05,14762,0
18680,3.1299e+05,14793,0
18681,3.13e+05,14824,0
18682,3.13e+05,14856,0
18683,3.13e+05,14887,0
18684,3.1301e+05,14918,0
18685,3.1301e+05,14949,0
18686,3.1301e+05,14981,0
18687,3.1302e+05,15012,0
18688,3.1302e+05,15043,0
18689,3.1302e+05,15074,0
18690,3.1302e+05,15105,0
18691,3.1303e+05,15137,0
18692,3.1303e+05,15168,0
18693,3.1303e+05,15199,0
18694,3.1304e+05,15230,0
18695,3.1304e+05,15261,0
18696,3.1304e+05,15293,0
18697,3.1305e+05,15324,0
18698,3.1305e+05,15355,0
18699,3.1305e+05,15386,0
18700,3.1306e+05,15417,0
18701,3.1306e+05,15449,0
18702,3.1306e+05,15480,0
18703,3.1307e+05,15511,0
18704,3.1307e+05,15542,0
18705,3.1307e+05,15573,0
18706,3.1308e+05,15605,0
18707,3.1308e+05,15636,0
18708,3.1308e+05,15667,0
18709,3.1309e+05,15698,0
18710,3.1309e+05,15729,0
18711,3.1309e+05,15760,0
18712,3.131e+05,15792,0
18713,3.131e+05,15823,0
18714,3.131e+05,15854,0
18715,3.1311e+05,15885,0
18716,3.1311e+05,15916,0
18717,3.1311e+05,15947,0
18718,3.1312e+05,15979,0
18719,3.1312e+05,16010,0
18720,3.1312e+05,16041,0
18721,3.1313e+05,16072,0
18722,3.1313e+05,16103,0
18723,3.1313e+05,16134,0
18724,3.1314e+05,16165,0
18725,3.1314e+05,16197,0
18726,3.1314e+05,16228,0
18727,3.1315e+05,16259,0
18728,3.1315e+05,16290,0
18729,3.1315e+05,16321,0
18730,3.1316e+05,16352,0
18731,3.1316e+05,16383,0
18732,3.1316e+05,16415,0
18733,3.1317e+05,16446,0
18734,3.1317e+05,16477,0
18735,3.1317e+05,16508,0
18736,3.1318e+05,16539,0
18737,3.1318e+05,16570,0
18738,3.1318e+05,16601,0
18739,3.1319e+05,16632,0
18740,3.1319e+05,16663,0
18741,3.1319e+05,16695,0
18742,3.132e+05,16726,0
18743,3.132e+05,16757,0
18744,3.132e+05,16788,0
18745,3.1321e+05,16819,0
18746,3.1321e+05,16850,0
18747,3.1321e+05,16881,0
18748,3.1322e+05,16912,0
18749,3.1322e+05,16943,0
18750,3.1322e+05,16974,0
18751,3.1323e+05,17006,0
18752,3.1323e+05,17037,0
18753,3.1324e+05,17068,0
18754,3.1324e+05,17099,0
18755,3.1324e+05,17130,0
18756,3.1325e+05,17161,0
18757,3.1325e+05,17192,0
18758,3.1325e+05,17223,0
18759,3.1326e+05,17254,0
18760,3.1326e+05,17285,0
18761,3.1326e+05,17316,0
18762,3.1327e+05,17347,0
18763,3.1327e+05,17378,0
18764,3.1327e+05,17409,0
18765,3.1328e+05,17441,0
18766,3.1328e+05,17472,0
18767,3.1329e+05,17503,0
18768,3.1329e+05,17534,0
18769,3.1329e+05,17565,0
18770,3.133e+05,17596,0
18771,3.133e+05,17627,0
18772,3.133e+05,17658,0
18773,3.1331e+05,17689,0
18774,3.1331e+05,17720,0
18775,3.1331e+05,17751,0
18776,3.1332e+05,17782,0
18777,3.1332e+05,17813,0
18778,3.1333e+05,17844,0
18779,3.1333e+05,17875,0
18780,3.1333e+05,17906,0
18781,3.1334e+05,17937,0
18782,3.1334e+05,17968,0
18783,3.1334e+05,17999,0
18784,3.1335e+05,18030,0
18785,3.1335e+05,18061,0
18786,3.1336e+05,18092,0
18787,3.1336e+05,18123,0
18788,3.1336e+05,18154,0
18789,3.1337e+05,18185,0
18790,3.1337e+05,18216,0
18791,3.1337e+05,18247,0
18792,3.1338e+05,18278,0
18793,3.1338e+05,18309,0
18794,3.1339e+05,18340,0
18795,3.1339e+05,18371,0
18796,3.1339e+05,18402,0
18797,3.134e+05,18433,0
18798,3.134e+05,18464,0
18799,3.1341e+05,18495,0
18800,3.1341e+05,18526,0
18801,3.1341e+05,18557,0
18802,3.1342e+05,18588,0
18803,3.1342e+05,18619,0
18804,3.1342e+05,18650,0
18805,3.1343e+05,18681,0
18806,3.1343e+05,18712,0
18807,3.1344e+05,18743,0
18808,3.1344e+05,18774,0
18809,3.1344e+05,18805,0
18810,3.1345e+05,18836,0
18811,3.1345e+05,18867,0
18812,3.1346e+05,18898,0
18813,3.1346e+05,18929,0
18814,3.1346e+05,18959,0
18815,3.1347e+05,18990,0
18816,3.1347e+05,19021,0
18817,3.1348e+05,19052,0
18818,3.1348e+05,19083,0
18819,3.1348e+05,19114,0
18820,3.1349e+05,19145,0
18821,3.1349e+05,19176,0
18822,3.135e+05,19207,0
18823,3.135e+05,19238,0
18824,3.135e+05,19269,0
18825,3.1351e+05,19300,0
18826,3.1351e+05,19331,0
18827,3.1352e+05,19361,0
18828,3.1352e+05,19392,0
18829,3.1352e+05,19423,0
18830,3.1353e+05,19454,0
18831,3.1353e+05,19485,0
18832,3.1354e+05,19516,0
18833,3.1354e+05,19547,0
18834,3.1354e+05,19578,0
18835,3.1355e+05,19609,0
18836,3.1355e+05,19640,0
18837,3.1356e+05,19670,0
18838,3.1356e+05,19701,0
18839,3.1356e+05,19732,0
18840,3.1357e+05,19763,0
18841,3.1357e+05,19794,0
18842,3.1358e+05,19825,0
18843,3.1358e+05,19856,0
18844,3.1358e+05,19887,0
18845,3.1359e+05,19917,0
18846,3.1359e+05,19948,0
18847,3.136e+05,19979,0
18848,3.136e+05,20010,0
18849,3.1361e+05,20041,0
18850,3.1361e+05,20072,0
18851,3.1361e+05,20103,0
18852,3.1362e+05,20133,0
18853,3.1362e+05,20164,0
18854,3.1363e+05,20195,0
18855,3.1363e+05,20226,0
18856,3.1363e+05,20257,0
18857,3.1364e+05,20288,0
18858,3.1364e+05,20318,0
18859,3.1365e+05,20349,0
18860,3.1365e+05,20380,0
18861,3.1366e+05,20411,0
18862,3.1366e+05,20442,0
18863,3.1366e+05,20473,0
18864,3.1367e+05,20503,0
18865,3.1367e+05,20534,0
18866,3.1368e+05,20565,0
18867,3.1368e+05,20596,0
18868,3.1369e+05,20627,0
18869,3.1369e+05,20657,0
18870,3.1369e+05,20688,0
18871,3.137e+05,20719,0
18872,3.137e+05,20750,0
18873,3.1371e+05,20781,0
18874,3.1371e+05,20811,0
18875,3.1372e+05,20842,0
18876,3.1372e+05,20873,0
18877,3.1372e+05,20904,0
18878,3.1373e+05,20934,0
18879,3.1373e+05,20965,0
18880,3.1374e+05,20996,0
18881,3.1374e+05,21027,0
18882,3.1375e+05,21058,0
18883,3.1375e+05,21088,0
18884,3.1375e+05,21119,0
18885,3.1376e+05,21150,0
18886,3.1376e+05,21181,0
18887,3.1377e+05,21211,0
18888,3.1377e+05,21242,0
18889,3.1378e+05,21273,0
18890,3.1378e+05,21304,0
18891,3.1379e+05,21334,0
18892,3.1379e+05,21365,0
18893,3.1379e+05,21396,0
18894,3.138e+05,21427,0
18895,3.138e+05,21457,0
18896,3.1381e+05,21488,0
18897,3.1381e+05,21519,0
18898,3.1382e+05,21550,0
18899,3.1382e+05,21580,0
18900,3.1383e+05,21611,0
18901,3.1383e+05,21642,0
18902,3.1383e+05,21672,0
18903,3.1384e+05,21703,0
18904,3.1384e+05,21734,0
18905,3.1385e+05,21765,0
18906,3.1385e+05,21795,0
18907,3.1386e+05,21826,0
18908,3.1386e+05,21857,0
18909,3.1387e+05,21887,0
18910,3.1387e+05,21918,0
18911,3.1388e+05,21949,0
18912,3.1388e+05,21979,0
18913,3.1388e+05,22010,0
18914,3.1389e+05,22041,0
18915,3.1389e+05,22071,0
18916,3.139e+05,22102,0
18917,3.139e+05,22133,0
18918,3.1391e+05,22163,0
18919,3.1391e+05,22194,0
18920,3.1392e+05,22225,0
18921,3.1392e+05,22255,0
18922,3.1393e+05,22286,0
18923,3.1393e+05,22317,0
18924,3.1394e+05,22347,0
18925,3.1394e+05,22378,0
18926,3.1394e+05,22409,0
18927,3.1395e+05,22439,0
18928,3.1395e+05,22470,0
18929,3.1396e+05,22501,0
18930,3.1396e+05,22531,0
18931,3.1397e+05,22562,0
18932,3.1397e+05,22593,0
18933,3.1398e+05,22623,0
18934,3.1398e+05,22654,0
18935,3.1399e+05,22684,0
18936,3.1399e+05,22715,0
18937,3.14e+05,22746,0
18938,3.14e+05,22776,0
18939,3.1401e+05,22807,0
18940,3.1401e+05,22837,0
18941,3.1401e+05,22868,0
18942,3.1402e+05,22899,0
18943,3.1402e+05,22929,0
18944,3.1403e+05,22960,0
18945,3.1403e+05,22990,0
18946,3.1404e+05,23021,0
18947,3.1404e+05,23052,0
18948,3.1405e+05,23082,0
18949,3.1405e+05,23113,0
18950,3.1406e+05,23143,0
18951,3.1406e+05,23174,0
18952,3.1407e+05,23205,0
18953,3.1407e+05,23235,0
18954,3.1408e+05,23266,0
18955,3.1408e+05,23296,0
18956,3.1409e+05,23327,0
18957,3.1409e+05,23357,0
18958,3.141e+05,23388,0
18959,3.141e+05,23418,0
18960,3.1411e+05,23449,0
18961,3.1411e+05,23480,0
18962,3.1412e+05,23510,0
18963,3.1412e+05,23541,0
18964,3.1413e+05,23571,0
18965,3.1413e+05,23602,0
18966,3.1414e+05,23632,0
18967,3.1414e+05,23663,0
18968,3.1415e+05,23693,0
18969,3.1415e+05,23724,0
18970,3.1415e+05,23754,0
18971,3.1416e+05,23785,0
18972,3.1416e+05,23815,0
18973,3.1417e+05,23846,0
18974,3.1417e+05,23876,0
18975,3.1418e+05,23907,0
18976,3.1418e+05,23937,0
18977,3.1419e+05,23968,0
18978,3.1419e+05,23998,0
18979,3.142e+05,24029,0
18980,3.142e+05,24059,0
18981,3.1421e+05,24090,0
18982,3.1421e+05,24120,0
18983,3.1422e+05,24151,0
18984,3.1422e+05,24181,0
18985,3.1423e+05,24212,0
18986,3.1423e+05,24242,0
18987,3.1424e+05,24273,0
18988,3.1424e+05,24303,0
18989,3.1425e+05,24334,0
18990,3.1425e+05,24364,0
18991,3.1426e+05,24394,0
18992,3.1426e+05,24425,0
18993,3.1427e+05,24455,0
18994,3.1427e+05,24486,0
18995,3.1428e+05,24516,0
18996,3.1428e+05,24547,0
18997,3.1429e+05,24577,0
18998,3.143e+05,24608,0
18999,3.143e+05,24638,0
19000,3.1431e+05,24668,0
19001,3.1431e+05,24699,0
19002,3.1432e+05,24729,0
19003,3.1432e+05,24760,0
19004,3.1433e+05,24790,0
19005,3.1433e+05,24821,0
19006,3.1434e+05,24851,0
19007,3.1434e+05,24881,0
19008,3.1435e+05,24912,0
19009,3.1435e+05,24942,0
19010,3.1436e+05,24973,0
19011,3.1436e+05,25003,0
19012,3.1437e+05,25033,0
19013,3.1437e+05,25064,0
19014,3.1438e+05,25094,0
19015,3.1438e+05,25124,0
19016,3.1439e+05,25155,0
19017,3.1439e+05,25185,0
19018,3.144e+05,25216,0
19019,3.144e+05,25246,0
19020,3.1441e+05,25276,0
19021,3.1441e+05,25307,0
19022,3.1442e+05,25337,0
19023,3.1442e+05,25367,0
19024,3.1443e+05,25398,0
19025,3.1443e+05,25428,0
19026,3.1444e+05,25458,0
19027,3.1445e+05,25489,0
19028,3.1445e+05,25519,0
19029,3.1446e+05,25549,0
19030,3.1446e+05,25580,0
19031,3.1447e+05,25610,0
19032,3.1447e+05,25640,0
19033,3.1448e+05,25671,0
19034,3.1448e+05,25701,0
19035,3.1449e+05,25731,0
19036,3.1449e+05,25762,0
19037,3.145e+05,25792,0
19038,3.145e+05,25822,0
19039,3.1451e+05,25853,0
19040,3.1451e+05,25883,0
19041,3.1452e+05,25913,0
19042,3.1453e+05,25944,0
19043,3.1453e+05,25974,0
19044,3.1454e+05,26004,0
19045,3.1454e+05,26034,0
19046,3.1455e+05,26065,0
19047,3.1455e+05,26095,0
19048,3.1456e+05,26125,0
19049,3.1456e+05,26156,0
19050,3.1457e+05,26186,0
19051,3.1457e+05,26216,0
19052,3.1458e+05,26246,0
19053,3.1458e+05,26277,0
19054,3.1459e+05,26307,0
19055,3.146e+05,26337,0
19056,3.146e+05,26367,0
19057,3.1461e+05,26398,0
19058,3.1461e+05,26428,0
19059,3.1462e+05,26458,0
19060,3.1462e+05,26488,0
19061,3.1463e+05,26519,0
19062,3.1463e+05,26549,0
19063,3.1464e+05,26579,0
19064,3.1464e+05,26609,0
19065,3.1465e+05,26639,0
19066,3.1466e+05,26670,0
19067,3.1466e+05,26700,0
19068,3.1467e+05,26730,0
19069,3.1467e+05,26760,0
19070,3.1468e+05,26790,0
19071,3.1468e+05,26821,0
19072,3.1469e+05,26851,0
19073,3.1469e+05,26881,0
19074,3.147e+05,26911,0
19075,3.1471e+05,26941,0
19076,3.1471e+05,26972,0
19077,3.1472e+05,27002,0
19078,3.1472e+05,27032,0
19079,3.1473e+05,27062,0
19080,3.1473e+05,27092,0
19081,3.1474e+05,27122,0
19082,3.1474e+05,27153,0
19083,3.1475e+05,27183,0
19084,3.1476e+05,27213,0
19085,3.1476e+05,27243,0
19086,3.1477e+05,27273,0
19087,3.1477e+05,27303,0
19088,3.1478e+05,27334,0
19089,3.1478e+05,27364,0
19090,3.1479e+05,27394,0
19091,3.148e+05,27424,0
19092,3.148e+05,27454,0
19093,3.1481e+05,27484,0
19094,3.1481e+05,27514,0
19095,3.1482e+05,27544,0
19096,3.1482e+05,27575,0
19097,3.1483e+05,27605,0
19098,3.1484e+05,27635,0
19099,3.1484e+05,27665,0
19100,3.1485e+05,27695,0
19101,3.1485e+05,27725,0
19102,3.1486e+05,27755,0
19103,3.1486e+05,27785,0
19104,3.1487e+05,27815,0
19105,3.1488e+05,27845,0
19106,3.1488e+05,27876,0
19107,3.1489e+05,27906,0
19108,3.1489e+05,27936,0
19109,3.149e+05,27966,0
19110,3.149e+05,27996,0
19111,3.1491e+05,28026,0
19112,3.1492e+05,28056,0
19113,3.1492e+05,28086,0
19114,3.1493e+05,28116,0
19115,3.1493e+05,28146,0
19116,3.1494e+05,28176,0
19117,3.1495e+05,28206,0
19118,3.1495e+05,28236,0
19119,3.1496e+05,28266,0
19120,3.1496e+05,28296,0
19121,3.1497e+05,28326,0
19122,3.1497e+05,28356,0
19123,3.1498e+05,28386,0
19124,3.1499e+05,28416,0
19125,3.1499e+05,28446,0
19126,3.15e+05,28476,0
19127,3.15e+05,28506,0
19128,3.1501e+05,28536,0
19129,3.1502e+05,28566,0
19130,3.1502e+05,28596,0
19131,3.1503e+05,28626,0
19132,3.1503e+05,28656,0
19133,3.1504e+05,28686,0
19134,3.1505e+05,28716,0
19135,3.1505e+05,28746,0
19136,3.1506e+05,28776,0
19137,3.1506e+05,28806,0
19138,3.1507e+05,28836,0
19139,3.1507e+05,28866,0
19140,3.1508e+05,28896,0
19141,3.1509e+05,28926,0
19142,3.1509e+05,28956,0
19143,3.151e+05,28986,0
19144,3.151e+05,29016,0
19145,3.1511e+05,29046,0
19146,3.1512e+05,29076,0
19147,3.1512e+05,29106,0
19148,3.1513e+05,29136,0
19149,3.1513e+05,29166,0
19150,3.1514e+05,29196,0
19151,3.1515e+05,29226,0
19152,3.1515e+05,29255,0
19153,3.1516e+05,29285,0
19154,3.1517e+05,29315,0
19155,3.1517e+05,29345,0
19156,3.1518e+05,29375,0
19157,3.1518e+05,29405,0
19158,3.1519e+05,29435,0
19159,3.152e+05,29465,0
19160,3.152e+05,29495,0
19161,3.1521e+05,29525,0
19162,3.1521e+05,29554,0
19163,3.1522e+05,29584,0
19164,3.1523e+05,29614,0
19165,3.1523e+05,29644,0
19166,3.1524e+05,29674,0
19167,3.1524e+05,29704,0
19168,3.1525e+05,29734,0
19169,3.1526e+05,29763,0
19170,3.1526e+05,29793,0
19171,3.1527e+05,29823,0
19172,3.1528e+05,29853,0
19173,3.1528e+05,29883,0
19174,3.1529e+05,29913,0
19175,3.1529e+05,29943,0
19176,3.153e+05,29972,0
19177,3.1531e+05,30002,0
19178,3.1531e+05,30032,0
19179,3.1532e+05,30062,0
19180,3.1532e+05,30092,0
19181,3.1533e+05,30121,0
19182,3.1534e+05,30151,0
19183,3.1534e+05,30181,0
19184,3.1535e+05,30211,0
19185,3.1536e+05,30241,0
19186,3.1536e+05,30270,0
19187,3.1537e+05,30300,0
19188,3.1537e+05,30330,0
19189,3.1538e+05,30360,0
19190,3.1539e+05,30390,0
19191,3.1539e+05,30419,0
19192,3.154e+05,30449,0
19193,3.1541e+05,30479,0
19194,3.1541e+05,30509,0
19195,3.1542e+05,30538,0
19196,3.1542e+05,30568,0
19197,3.1543e+05,30598,0
19198,3.1544e+05,30628,0
19199,3.1544e+05,30657,0
19200,3.1545e+05,30687,0
19201,3.1546e+05,30717,0
19202,3.1546e+05,30747,0
19203,3.1547e+05,30776,0
19204,3.1548e+05,30806,0
19205,3.1548e+05,30836,0
19206,3.1549e+05,30866,0
19207,3.1549e+05,30895,0
19208,3.155e+05,30925,0
19209,3.1551e+05,30955,0
19210,3.1551e+05,30984,0
19211,3.1552e+05,31014,0
19212,3.1553e+05,31044,0
19213,3.1553e+05,31073,0
19214,3.1554e+05,31103,0
19215,3.1555e+05,31133,0
19216,3.1555e+05,31162,0
19217,3.1556e+05,31192,0
19218,3.1556e+05,31222,0
19219,3.1557e+05,31252,0
19220,3.1558e+05,31281,0
19221,3.1558e+05,31311,0
19222,3.1559e+05,31340,0
19223,3.156e+05,31370,0
19224,3.156e+05,31400,0
19225,3.1561e+05,31429,0
19226,3.1562e+05,31459,0
19227,3.1562e+05,31489,0
19228,3.1563e+05,31518,0
19229,3.1564e+05,31548,0
19230,3.1564e+05,31578,0
19231,3.1565e+05,31607,0
19232,3.1566e+05,31637,0
19233,3.1566e+05,31666,0
19234,3.1567e+05,31696,0
19235,3.1568e+05,31726,0
19236,3.1568e+05,31755,0
19237,3.1569e+05,31785,0
19238,3.1569e+05,31814,0
19239,3.157e+05,31844,0
19240,3.1571e+05,31874,0
19241,3.1571e+05,31903,0
19242,3.1572e+05,31933,0
19243,3.1573e+05,31962,0
19244,3.1573e+05,31992,0
19245,3.1574e+05,32022,0
19246,3.1575e+05,32051,0
19247,3.1575e+05,32081,0
19248,3.1576e+05,32110,0
19249,3.1577e+05,32140,0
19250,3.1577e+05,32169,0
19251,3.1578e+05,32199,0
19252,3.1579e+05,32228,0
19253,3.1579e+05,32258,0
19254,3.158e+05,32287,0
19255,3.1581e+05,32317,0
19256,3.1581e+05,32347,0
19257,3.1582e+05,32376,0
19258,3.1583e+05,32406,0
19259,3.1583e+05,32435,0
19260,3.1584e+05,32465,0
19261,3.1585e+05,32494,0
19262,3.1585e+05,32524,0
19263,3.1586e+05,32553,0
19264,3.1587e+05,32583,0
19265,3.1587e+05,32612,0
19266,3.1588e+05,32642,0
19267,3.1589e+05,32671,0
19268,3.1589e+05,32700,0
19269,3.159e+05,32730,0
19270,3.1591e+05,32759,0
19271,3.1591e+05,32789,0
19272,3.1592e+05,32818,0
19273,3.1593e+05,32848,0
19274,3.1593e+05,32877,0
19275,3.1594e+05,32907,0
19276,3.1595e+05,32936,0
19277,3.1596e+05,32966,0
19278,3.1596e+05,32995,0
19279,3.1597e+05,33024,0
19280,3.1598e+05,33054,0
19281,3.1598e+05,33083,0
19282,3.1599e+05,33113,0
19283,3.16e+05,33142,0
19284,3.16e+05,33172,0
19285,3.1601e+05,33201,0
19286,3.1602e+05,33230,0
19287,3.1602e+05,33260,0
19288,3.1603e+05,33289,0
19289,3.1604e+05,33319,0
19290,3.1604e+05,33348,0
19291,3.1605e+05,33377,0
19292,3.1606e+05,33407,0
19293,3.1606e+05,33436,0
19294,3.1607e+05,33465,0
19295,3.1608e+05,33495,0
19296,3.1609e+05,33524,0
19297,3.1609e+05,33554,0
19298,3.161e+05,33583,0
19299,3.1611e+05,33612,0
19300,3.1611e+05,33642,0
19301,3.1612e+05,33671,0
19302,3.1613e+05,33700,0
19303,3.1613e+05,33730,0
19304,3.1614e+05,33759,0
19305,3.1615e+05,33788,0
19306,3.1615e+05,33818,0
19307,3.1616e+05,33847,0
19308,3.1617e+05,33876,0
19309,3.1618e+05,33906,0
19310,3.1618e+05,33935,0
19311,3.1619e+05,33964,0
19312,3.162e+05,33994,0
19313,3.162e+05,34023,0
19314,3.1621e+05,34052,0
19315,3.1622e+05,34081,0
19316,3.1622e+05,34111,0
19317,3.1623e+05,34140,0
19318,3.1624e+05,34169,0
19319,3.1625e+05,34198,0
19320,3.1625e+05,34228,0
19321,3.1626e+05,34257,0
19322,3.1627e+05,34286,0
19323,3.1627e+05,34316,0
19324,3.1628e+05,34345,0
19325,3.1629e+05,34374,0
19326,3.163e+05,34403,0
19327,3.163e+05,34432,0
19328,3.1631e+05,34462,0
19329,3.1632e+05,34491,0
19330,3.1632e+05,34520,0
19331,3.1633e+05,34549,0
19332,3.1634e+05,34579,0
19333,3.1634e+05,34608,0
19334,3.1635e+05,34637,0
19335,3.1636e+05,34666,0
19336,3.1637e+05,34695,0
19337,3.1637e+05,34725,0
19338,3.1638e+05,34754,0
19339,3.1639e+05,34783,0
19340,3.1639e+05,34812,0
19341,3.164e+05,34841,0
19342,3.1641e+05,34871,0
19343,3.1642e+05,34900,0
19344,3.1642e+05,34929,0
19345,3.1643e+05,34958,0
19346,3.1644e+05,34987,0
19347,3.1645e+05,35016,0
19348,3.1645e+05,35046,0
19349,3.1646e+05,35075,0
19350,3.1647e+05,35104,0
19351,3.1647e+05,35133,0
19352,3.1648e+05,35162,0
19353,3.1649e+05,35191,0
19354,3.165e+05,35220,0
19355,3.165e+05,35249,0
19356,3.1651e+05,35279,0
19357,3.1652e+05,35308,0
19358,3.1652e+05,35337,0
19359,3.1653e+05,35366,0
19360,3.1654e+05,35395,0
19361,3.1655e+05,35424,0
19362,3.1655e+05,35453,0
19363,3.1656e+05,35482,0
19364,3.1657e+05,35511,0
19365,3.1658e+05,35540,0
19366,3.1658e+05,35569,0
19367,3.1659e+05,35599,0
19368,3.166e+05,35628,0
19369,3.1661e+05,35657,0
19370,3.1661e+05,35686,0
19371,3.1662e+05,35715,0
19372,3.1663e+05,35744,0
19373,3.1663e+05,35773,0
19374,3.1664e+05,35802,0
19375,3.1665e+05,35831,0
19376,3.1666e+05,35860,0
19377,3.1666e+05,35889,0
19378,3.1667e+05,35918,0
19379,3.1668e+05,35947,0
19380,3.1669e+05,35976,0
19381,3.1669e+05,36005,0
19382,3.167e+05,36034,0
19383,3.1671e+05,36063,0
19384,3.1672e+05,36092,0
19385,3.1672e+05,36121,0
19386,3.1673e+05,36150,0
19387,3.1674e+05,36179,0
19388,3.1675e+05,36208,0
19389,3.1675e+05,36237,0
19390,3.1676e+05,36266,0
19391,3.1677e+05,36295,0
19392,3.1678e+05,36324,0
19393,3.1678e+05,36353,0
19394,3.1679e+05,36382,0
19395,3.168e+05,36411,0
19396,3.1681e+05,36440,0
19397,3.1681e+05,36469,0
19398,3.1682e+05,36498,0
19399,3.1683e+05,36526,0
19400,3.1684e+05,36555,0
19401,3.1684e+05,36584,0
19402,3.1685e+05,36613,0
19403,3.1686e+05,36642,0
19404,3.1687e+05,36671,0
19405,3.1687e+05,36700,0
19406,3.1688e+05,36729,0
19407,3.1689e+05,36758,0
19408,3.169e+05,36787,0
19409,3.169e+05,36815,0
19410,3.1691e+05,36844,0
19411,3.1692e+05,36873,0
19412,3.1693e+05,36902,0
19413,3.1693e+05,36931,0
19414,3.1694e+05,36960,0
19415,3.1695e+05,36989,0
19416,3.1696e+05,37018,0
19417,3.1696e+05,37046,0
19418,3.1697e+05,37075,0
19419,3.1698e+05,37104,0
19420,3.1699e+05,37133,0
19421,3.1699e+05,37162,0
19422,3.17e+05,37191,0
19423,3.1701e+05,37219,0
19424,3.1702e+05,37248,0
19425,3.1702e+05,37277,0
19426,3.1703e+05,37306,0
19427,3.1704e+05,37335,0
19428,3.1705e+05,37363,0
19429,3.1706e+05,37392,0
19430,3.1706e+05,37421,0
19431,3.1707e+05,37450,0
19432,3.1708e+05,37479,0
19433,3.1709e+05,37507,0
19434,3.1709e+05,37536,0
19435,3.171e+05,37565,0
19436,3.1711e+05,37594,0
19437,3.1712e+05,37623,0
19438,3.1712e+05,37651,0
19439,3.1713e+05,37680,0
19440,3.1714e+05,37709,0
19441,3.1715e+05,37738,0
19442,3.1716e+05,37766,0
19443,3.1716e+05,37795,0
19444,3.1717e+05,37824,0
19445,3.1718e+05,37852,0
19446,3.1719e+05,37881,0
19447,3.1719e+05,37910,0
19448,3.172e+05,37939,0
19449,3.1721e+05,37967,0
19450,3.1722e+05,37996,0
19451,3.1723e+05,38025,0
19452,3.1723e+05,38053,0
19453,3.1724e+05,38082,0
19454,3.1725e+05,38111,0
19455,3.1726e+05,38139,0
19456,3.1727e+05,38168,0
19457,3.1727e+05,38197,0
19458,3.1728e+05,38225,0
19459,3.1729e+05,38254,0
19460,3.173e+05,38283,0
19461,3.173e+05,38311,0
19462,3.1731e+05,38340,0
19463,3.1732e+05,38369,0
19464,3.1733e+05,38397,0
19465,3.1734e+05,38426,0
19466,3.1734e+05,38455,0
19467,3.1735e+05,38483,0
19468,3.1736e+05,38512,0
19469,3.1737e+05,38540,0
19470,3.1738e+05,38569,0
19471,3.1738e+05,38598,0
19472,3.1739e+05,38626,0
19473,3.174e+05,38655,0
19474,3.1741e+05,38684,0
19475,3.1741e+05,38712,0
19476,3.1742e+05,38741,0
19477,3.1743e+05,38769,0
19478,3.1744e+05,38798,0
19479,3.1745e+05,38826,0
19480,3.1745e+05,38855,0
19481,3.1746e+05,38884,0
19482,3.1747e+05,38912,0
19483,3.1748e+05,38941,0
19484,3.1749e+05,38969,0
19485,3.1749e+05,38998,0
19486,3.175e+05,39026,0
19487,3.1751e+05,39055,0
19488,3.1752e+05,39083,0
19489,3.1753e+05,39112,0
19490,3.1753e+05,39140,0
19491,3.1754e+05,39169,0
19492,3.1755e+05,39197,0
19493,3.1756e+05,39226,0
19494,3.1757e+05,39254,0
19495,3.1757e+05,39283,0
19496,3.1758e+05,39311,0
19497,3.1759e+05,39340,0
19498,3.176e+05,39368,0
19499,3.1761e+05,39397,0
19500,3.1762e+05,39425,0
19501,3.1762e+05,39454,0
19502,3.1763e+05,39482,0
19503,3.1764e+05,39511,0
19504,3.1765e+05,39539,0
19505,3.1766e+05,39568,0
19506,3.1766e+05,39596,0
19507,3.1767e+05,39625,0
19508,3.1768e+05,39653,0
19509,3.1769e+05,39681,0
19510,3.177e+05,39710,0
19511,3.177e+05,39738,0
19512,3.1771e+05,39767,0
19513,3.1772e+05,39795,0
19514,3.1773e+05,39823,0
19515,3.1774e+05,39852,0
19516,3.1775e+05,39880,0
19517,3.1775e+05,39909,0
19518,3.1776e+05,39937,0
19519,3.1777e+05,39965,0
19520,3.1778e+05,39994,0
19521,3.1779e+05,40022,0
19522,3.1779e+05,40051,0
19523,3.178e+05,40079,0
19524,3.1781e+05,40107,0
19525,3.1782e+05,40136,0
19526,3.1783e+05,40164,0
19527,3.1784e+05,40192,0
19528,3.1784e+05,40221,0
19529,3.1785e+05,40249,0
19530,3.1786e+05,40277,0
19531,3.1787e+05,40306,0
19532,3.1788e+05,40334,0
19533,3.1789e+05,40362,0
19534,3.1789e+05,40391,0
19535,3.179e+05,40419,0
19536,3.1791e+05,40447,0
19537,3.1792e+05,40476,0
19538,3.1793e+05,40504,0
19539,3.1794e+05,40532,0
19540,3.1794e+05,40560,0
19541,3.1795e+05,40589,0
19542,3.1796e+05,40617,0
19543,3.1797e+05,40645,0
19544,3.1798e+05,40674,0
19545,3.1799e+05,40702,0
19546,3.1799e+05,40730,0
19547,3.18e+05,40758,0
19548,3.1801e+05,40787,0
19549,3.1802e+05,40815,0
19550,3.1803e+05,40843,0
19551,3.1804e+05,40871,0
19552,3.1804e+05,40900,0
19553,3.1805e+05,40928,0
19554,3.1806e+05,40956,0
19555,3.1807e+05,40984,0
19556,3.1808e+05,41012,0
19557,3.1809e+05,41041,0
19558,3.1809e+05,41069,0
19559,3.181e+05,41097,0
19560,3.1811e+05,41125,0
19561,3.1812e+05,41153,0
19562,3.1813e+05,41182,0
19563,3.1814e+05,41210,0
19564,3.1814e+05,41238,0
19565,3.1815e+05,41266,0
19566,3.1816e+05,41294,0
19567,3.1817e+05,41322,0
19568,3.1818e+05,41351,0
19569,3.1819e+05,41379,0
19570,3.182e+05,41407,0
19571,3.182e+05,41435,0
19572,3.1821e+05,41463,0
19573,3.1822e+05,41491,0
19574,3.1823e+05,41519,0
19575,3.1824e+05,41547,0
19576,3.1825e+05,41576,0
19577,3.1825e+05,41604,0
19578,3.1826e+05,41632,0
19579,3.1827e+05,41660,0
19580,3.1828e+05,41688,0
19581,3.1829e+05,41716,0
19582,3.183e+05,41744,0
19583,3.1831e+05,41772,0
19584,3.1831e+05,41800,0
19585,3.1832e+05,41828,0
19586,3.1833e+05,41856,0
19587,3.1834e+05,41884,0
19588,3.1835e+05,41913,0
19589,3.1836e+05,41941,0
19590,3.1837e+05,41969,0
19591,3.1837e+05,41997,0
19592,3.1838e+05,42025,0
19593,3.1839e+05,42053,0
19594,3.184e+05,42081,0
19595,3.1841e+05,42109,0
19596,3.1842e+05,42137,0
19597,3.1843e+05,42165,0
19598,3.1844e+05,42193,0
19599,3.1844e+05,42221,0
19600,3.1845e+05,42249,0
19601,3.1846e+05,42277,0
19602,3.1847e+05,42305,0
19603,3.1848e+05,42333,0
19604,3.1849e+05,42361,0
19605,3.185e+05,42389,0
19606,3.185e+05,42417,0
19607,3.1851e+05,42445,0
19608,3.1852e+05,42473,0
19609,3.1853e+05,42501,0
19610,3.1854e+05,42528,0
19611,3.1855e+05,42556,0
19612,3.1856e+05,42584,0
19613,3.1857e+05,42612,0
19614,3.1857e+05,42640,0
19615,3.1858e+05,42668,0
19616,3.1859e+05,42696,0
19617,3.186e+05,42724,0
19618,3.1861e+05,42752,0
19619,3.1862e+05,42780,0
19620,3.1863e+05,42808,0
19621,3.1864e+05,42836,0
19622,3.1864e+05,42863,0
19623,3.1865e+05,42891,0
19624,3.1866e+05,42919,0
19625,3.1867e+05,42947,0
19626,3.1868e+05,42975,0
19627,3.1869e+05,43003,0
19628,3.187e+05,43031,0
19629,3.1871e+05,43059,0
19630,3.1871e+05,43086,0
19631,3.1872e+05,43114,0
19632,3.1873e+05,43142,0
19633,3.1874e+05,43170,0
19634,3.1875e+05,43198,0
19635,3.1876e+05,43226,0
19636,3.1877e+05,43253,0
19637,3.1878e+05,43281,0
19638,3.1879e+05,43309,0
19639,3.1879e+05,43337,0
19640,3.188e+05,43365,0
19641,3.1881e+05,43392,0
19642,3.1882e+05,43420,0
19643,3.1883e+05,43448,0
19644,3.1884e+05,43476,0
19645,3.1885e+05,43503,0
19646,3.1886e+05,43531,0
19647,3.1887e+05,43559,0
19648,3.1887e+05,43587,0
19649,3.1888e+05,43614,0
19650,3.1889e+05,43642,0
19651,3.189e+05,43670,0
19652,3.1891e+05,43698,0
19653,3.1892e+05,43725,0
19654,3.1893e+05,43753,0
19655,3.1894e+05,43781,0
19656,3.1895e+05,43809,0
19657,3.1895e+05,43836,0
19658,3.1896e+05,43864,0
19659,3.1897e+05,43892,0
19660,3.1898e+05,43919,0
19661,3.1899e+05,43947,0
19662,3.19e+05,43975,0
19663,3.1901e+05,44002,0
19664,3.1902e+05,44030,0
19665,3.1903e+05,44058,0
19666,3.1904e+05,44085,0
19667,3.1904e+05,44113,0
19668,3.1905e+05,44141,0
19669,3.1906e+05,44168,0
19670,3.1907e+05,44196,0
19671,3.1908e+05,44224,0
19672,3.1909e+05,44251,0
19673,3.191e+05,44279,0
19674,3.1911e+05,44307,0
19675,3.1912e+05,44334,0
19676,3.1913e+05,44362,0
19677,3.1913e+05,44389,0
19678,3.1914e+05,44417,0
19679,3.1915e+05,44445,0
19680,3.1916e+05,44472,0
19681,3.1917e+05,44500,0
19682,3.1918e+05,44527,0
19683,3.1919e+05,44555,0
19684,3.192e+05,44583,0
19685,3.1921e+05,44610,0
19686,3.1922e+05,44638,0
19687,3.1923e+05,44665,0
19688,3.1924e+05,44693,0
19689,3.1924e+05,44720,0
19690,3.1925e+05,44748,0
19691,3.1926e+05,44775,0
19692,3.1927e+05,44803,0
19693,3.1928e+05,44831,0
19694,3.1929e+05,44858,0
19695,3.193e+05,44886,0
19696,3.1931e+05,44913,0
19697,3.1932e+05,44941,0
19698,3.1933e+05,44968,0
19699,3.1934e+05,44996,0
19700,3.1935e+05,45023,0
19701,3.1935e+05,45051,0
19702,3.1936e+05,45078,0
19703,3.1937e+05,45106,0
19704,3.1938e+05,45133,0
19705,3.1939e+05,45160,0
19706,3.194e+05,45188,0
19707,3.1941e+05,45215,0
19708,3.1942e+05,45243,0
19709,3.1943e+05,45270,0
19710,3.1944e+05,45298,0
19711,3.1945e+05,45325,0
19712,3.1946e+05,45353,0
19713,3.1947e+05,45380,0
19714,3.1947e+05,45407,0
19715,3.1948e+05,45435,0
19716,3.1949e+05,45462,0
19717,3.195e+05,45490,0
19718,3.1951e+05,45517,0
19719,3.1952e+05,45544,0
19720,3.1953e+05,45572,0
19721,3.1954e+05,45599,0
19722,3.1955e+05,45627,0
19723,3.1956e+05,45654,0
19724,3.1957e+05,45681,0
19725,3.1958e+05,45709,0
19726,3.1959e+05,45736,0
19727,3.196e+05,45763,0
19728,3.196e+05,45791,0
19729,3.1961e+05,45818,0
19730,3.1962e+05,45845,0
19731,3.1963e+05,45873,0
19732,3.1964e+05,45900,0
19733,3.1965e+05,45927,0
19734,3.1966e+05,45955,0
19735,3.1967e+05,45982,0
19736,3.1968e+05,46009,0
19737,3.1969e+05,46037,0
19738,3.197e+05,46064,0
19739,3.1971e+05,46091,0
19740,3.1972e+05,46118,0
19741,3.1973e+05,46146,0
19742,3.1974e+05,46173,0
19743,3.1975e+05,46200,0
19744,3.1976e+05,46228,0
19745,3.1976e+05,46255,0
19746,3.1977e+05,46282,0
19747,3.1978e+05,46309,0
19748,3.1979e+05,46337,0
19749,3.198e+05,46364,0
19750,3.1981e+05,46391,0
19751,3.1982e+05,46418,0
19752,3.1983e+05,46445,0
19753,3.1984e+05,46473,0
19754,3.1985e+05,46500,0
19755,3.1986e+05,46527,0
19756,3.1987e+05,46554,0
19757,3.1988e+05,46581,0
19758,3.1989e+05,46609,0
19759,3.199e+05,46636,0
19760,3.1991e+05,46663,0
19761,3.1992e+05,46690,0
19762,3.1993e+05,46717,0
19763,3.1994e+05,46744,0
19764,3.1995e+05,46772,0
19765,3.1995e+05,46799,0
19766,3.1996e+05,46826,0
19767,3.1997e+05,46853,0
19768,3.1998e+05,46880,0
19769,3.1999e+05,46907,0
19770,3.2e+05,46934,0
19771,3.2001e+05,46962,0
19772,3.2002e+05,46989,0
19773,3.2003e+05,47016,0
19774,3.2004e+05,47043,0
19775,3.2005e+05,47070,0
19776,3.2006e+05,47097,0
19777,3.2007e+05,47124,0
19778,3.2008e+05,47151,0
19779,3.2009e+05,47178,0
19780,3.201e+05,47205,0
19781,3.2011e+05,47232,0
19782,3.2012e+05,47260,0
19783,3.2013e+05,47287,0
19784,3.2014e+05,47314,0
19785,3.2015e+05,47341,0
19786,3.2016e+05,47368,0
19787,3.2017e+05,47395,0
19788,3.2018e+05,47422,0
19789,3.2019e+05,47449,0
19790,3.202e+05,47476,0
19791,3.202e+05,47503,0
19792,3.2021e+05,47530,0
19793,3.2022e+05,47557,0
19794,3.2023e+05,47584,0
19795,3.2024e+05,47611,0
19796,3.2025e+05,47638,0
19797,3.2026e+05,47665,0
19798,3.2027e+05,47692,0
19799,3.2028e+05,47719,0
19800,3.2029e+05,47746,0
19801,3.203e+05,47773,0
19802,3.2031e+05,47800,0
19803,3.2032e+05,47827,0
19804,3.2033e+05,47853,0
19805,3.2034e+05,47880,0
19806,3.2035e+05,47907,0
19807,3.2036e+05,47934,0
19808,3.2037e+05,47961,0
19809,3.2038e+05,47988,0
19810,3.2039e+05,48015,0
19811,3.204e+05,48042,0
19812,3.2041e+05,48069,0
19813,3.2042e+05,48096,0
19814,3.2043e+05,48123,0
19815,3.2044e+05,48149,0
19816,3.2045e+05,48176,0
19817,3.2046e+05,48203,0
19818,3.2047e+05,48230,0
19819,3.2048e+05,48257,0
19820,3.2049e+05,48284,0
19821,3.205e+05,48311,0
19822,3.2051e+05,48338,0
19823,3.2052e+05,48364,0
19824,3.2053e+05,48391,0
19825,3.2054e+05,48418,0
19826,3.2055e+05,48445,0
19827,3.2056e+05,48472,0
19828,3.2057e+05,48498,0
19829,3.2058e+05,48525,0
19830,3.2059e+05,48552,0
19831,3.206e+05,48579,0
19832,3.2061e+05,48606,0
19833,3.2062e+05,48632,0
19834,3.2063e+05,48659,0
19835,3.2064e+05,48686,0
19836,3.2065e+05,48713,0
19837,3.2066e+05,48740,0
19838,3.2067e+05,48766,0
19839,3.2068e+05,48793,0
19840,3.2069e+05,48820,0
19841,3.207e+05,48846,0
19842,3.2071e+05,48873,0
19843,3.2072e+05,48900,0
19844,3.2073e+05,48927,0
19845,3.2074e+05,48953,0
19846,3.2075e+05,48980,0
19847,3.2076e+05,49007,0
19848,3.2077e+05,49034,0
19849,3.2078e+05,49060,0
19850,3.2079e+05,49087,0
19851,3.208e+05,49114,0
19852,3.2081e+05,49140,0
19853,3.2082e+05,49167,0
19854,3.2083e+05,49194,0
19855,3.2084e+05,49220,0
19856,3.2085e+05,49247,0
19857,3.2086e+05,49274,0
19858,3.2087e+05,49300,0
19859,3.2088e+05,49327,0
19860,3.2089e+05,49353,0
19861,3.209e+05,49380,0
19862,3.2091e+05,49407,0
19863,3.2092e+05,49433,0
19864,3.2093e+05,49460,0
19865,3.2094e+05,49487,0
19866,3.2095e+05,49513,0
19867,3.2096e+05,49540,0
19868,3.2097e+05,49566,0
19869,3.2098e+05,49593,0
19870,3.2099e+05,49620,0
19871,3.21e+05,49646,0
19872,3.2101e+05,49673,0
19873,3.2102e+05,49699,0
19874,3.2103e+05,49726,0
19875,3.2104e+05,49752,0
19876,3.2105e+05,49779,0
19877,3.2106e+05,49805,0
19878,3.2107e+05,49832,0
19879,3.2108e+05,49859,0
19880,3.2109e+05,49885,0
19881,3.211e+05,49912,0
19882,3.2111e+05,49938,0
19883,3.2112e+05,49965,0
19884,3.2113e+05,49991,0
19885,3.2114e+05,50018,0
19886,3.2115e+05,50044,0
19887,3.2116e+05,50071,0
19888,3.2117e+05,50097,0
19889,3.2118e+05,50123,0
19890,3.2119e+05,50150,0
19891,3.212e+05,50176,0
19892,3.2121e+05,50203,0
19893,3.2122e+05,50229,0
19894,3.2123e+05,50256,0
19895,3.2124e+05,50282,0
19896,3.2125e+05,50309,0
19897,3.2126e+05,50335,0
19898,3.2127e+05,50362,0
19899,3.2128e+05,50388,0
19900,3.2129e+05,50414,0
19901,3.213e+05,50441,0
19902,3.2131e+05,50467,0
19903,3.2132e+05,50494,0
19904,3.2133e+05,50520,0
19905,3.2134e+05,50546,0
19906,3.2135e+05,50573,0
19907,3.2136e+05,50599,0
19908,3.2138e+05,50625,0
19909,3.2139e+05,50652,0
19910,3.214e+05,50678,0
19911,3.2141e+05,50704,0
19912,3.2142e+05,50731,0
19913,3.2143e+05,50757,0
19914,3.2144e+05,50784,0
19915,3.2145e+05,50810,0
19916,3.2146e+05,50836,0
19917,3.2147e+05,50862,0
19918,3.2148e+05,50889,0
19919,3.2149e+05,50915,0
19920,3.215e+05,50941,0
19921,3.2151e+05,50968,0
19922,3.2152e+05,50994,0
19923,3.2153e+05,51020,0
19924,3.2154e+05,51047,0
19925,3.2155e+05,51073,0
19926,3.2156e+05,51099,0
19927,3.2157e+05,51125,0
19928,3.2158e+05,51152,0
19929,3.2159e+05,51178,0
19930,3.216e+05,51204,0
19931,3.2161e+05,51230,0
19932,3.2162e+05,51257,0
19933,3.2163e+05,51283,0
19934,3.2164e+05,51309,0
19935,3.2166e+05,51335,0
19936,3.2167e+05,51361,0
19937,3.2168e+05,51388,0
19938,3.2169e+05,51414,0
19939,3.217e+05,51440,0
19940,3.2171e+05,51466,0
19941,3.2172e+05,51492,0
19942,3.2173e+05,51519,0
19943,3.2174e+05,51545,0
19944,3.2175e+05,51571,0
19945,3.2176e+05,51597,0
19946,3.2177e+05,51623,0
19947,3.2178e+05,51649,0
19948,3.2179e+05,51675,0
19949,3.218e+05,51702,0
19950,3.2181e+05,51728,0
19951,3.2182e+05,51754,0
19952,3.2183e+05,51780,0
19953,3.2184e+05,51806,0
19954,3.2185e+05,51832,0
19955,3.2187e+05,51858,0
19956,3.2188e+05,51884,0
19957,3.2189e+05,51910,0
19958,3.219e+05,51937,0
19959,3.2191e+05,51963,0
19960,3.2192e+05,51989,0
19961,3.2193e+05,52015,0
19962,3.2194e+05,52041,0
19963,3.2195e+05,52067,0
19964,3.2196e+05,52093,0
19965,3.2197e+05,52119,0
19966,3.2198e+05,52145,0
19967,3.2199e+05,52171,0
19968,3.22e+05,52197,0
19969,3.2201e+05,52223,0
19970,3.2202e+05,52249,0
19971,3.2203e+05,52275,0
19972,3.2205e+05,52301,0
19973,3.2206e+05,52327,0
19974,3.2207e+05,52353,0
19975,3.2208e+05,52379,0
19976,3.2209e+05,52405,0
19977,3.221e+05,52431,0
19978,3.2211e+05,52457,0
19979,3.2212e+05,52483,0
19980,3.2213e+05,52509,0
19981,3.2214e+05,52535,0
19982,3.2215e+05,52561,0
19983,3.2216e+05,52587,0
19984,3.2217e+05,52613,0
19985,3.2218e+05,52639,0
19986,3.2219e+05,52665,0
19987,3.2221e+05,52690,0
19988,3.2222e+05,52716,0
19989,3.2223e+05,52742,0
19990,3.2224e+05,52768,0
19991,3.2225e+05,52794,0
19992,3.2226e+05,52820,0
19993,3.2227e+05,52846,0
19994,3.2228e+05,52872,0
19995,3.2229e+05,52898,0
19996,3.223e+05,52923,0
19997,3.2231e+05,52949,0
19998,3.2232e+05,52975,0
19999,3.2233e+05,53001,0
20000,3.2235e+05,53027,0
20001,3.2236e+05,53053,0
20002,3.2237e+05,53078,0
20003,3.2238e+05,53104,0
20004,3.2239e+05,53130,0
20005,3.224e+05,53156,0
20006,3.2241e+05,53182,0
20007,3.2242e+05,53208,0
20008,3.2243e+05,53233,0
20009,3.2244e+05,53259,0
20010,3.2245e+05,53285,0
20011,3.2246e+05,53311,0
20012,3.2248e+05,53336,0
20013,3.2249e+05,53362,0
20014,3.225e+05,53388,0
20015,3.2251e+05,53414,0
20016,3.2252e+05,53439,0
20017,3.2253e+05,53465,0
20018,3.2254e+05,53491,0
20019,3.2255e+05,53517,0
20020,3.2256e+05,53542,0
20021,3.2257e+05,53568,0
20022,3.2258e+05,53594,0
20023,3.2259e+05,53619,0
20024,3.2261e+05,53645,0
20025,3.2262e+05,53671,0
20026,3.2263e+05,53697,0
20027,3.2264e+05,53722,0
20028,3.2265e+05,53748,0
20029,3.2266e+05,53774,0
20030,3.2267e+05,53799,0
20031,3.2268e+05,53825,0
20032,3.2269e+05,53851,0
20033,3.227e+05,53876,0
20034,3.2272e+05,53902,0
20035,3.2273e+05,53928,0
20036,3.2274e+05,53953,0
20037,3.2275e+05,53979,0
20038,3.2276e+05,54004,0
20039,3.2277e+05,54030,0
20040,3.2278e+05,54056,0
20041,3.2279e+05,54081,0
20042,3.228e+05,54107,0
20043,3.2281e+05,54132,0
20044,3.2282e+05,54158,0
20045,3.2284e+05,54184,0
20046,3.2285e+05,54209,0
20047,3.2286e+05,54235,0
20048,3.2287e+05,54260,0
20049,3.2288e+05,54286,0
20050,3.2289e+05,54311,0
20051,3.229e+05,54337,0
20052,3.2291e+05,54362,0
20053,3.2292e+05,54388,0
20054,3.2294e+05,54413,0
20055,3.2295e+05,54439,0
20056,3.2296e+05,54464,0
20057,3.2297e+05,54490,0
20058,3.2298e+05,54515,0
20059,3.2299e+05,54541,0
20060,3.23e+05,54566,0
20061,3.2301e+05,54592,0
20062,3.2302e+05,54617,0
20063,3.2303e+05,54643,0
20064,3.2305e+05,54668,0
20065,3.2306e+05,54694,0
20066,3.2307e+05,54719,0
20067,3.2308e+05,54745,0
20068,3.2309e+05,54770,0
20069,3.231e+05,54796,0
20070,3.2311e+05,54821,0
20071,3.2312e+05,54846,0
20072,3.2313e+05,54872,0
20073,3.2315e+05,54897,0
20074,3.2316e+05,54923,0
20075,3.2317e+05,54948,0
20076,3.2318e+05,54973,0
20077,3.2319e+05,54999,0
20078,3.232e+05,55024,0
20079,3.2321e+05,55050,0
20080,3.2322e+05,55075,0
20081,3.2324e+05,55100,0
20082,3.2325e+05,55126,0
20083,3.2326e+05,55151,0
20084,3.2327e+05,55176,0
20085,3.2328e+05,55202,0
20086,3.2329e+05,55227,0
20087,3.233e+05,55252,0
20088,3.2331e+05,55278,0
20089,3.2333e+05,55303,0
20090,3.2334e+05,55328,0
20091,3.2335e+05,55354,0
20092,3.2336e+05,55379,0
20093,3.2337e+05,55404,0
20094,3.2338e+05,55429,0
20095,3.2339e+05,55455,0
20096,3.234e+05,55480,0
20097,3.2342e+05,55505,0
20098,3.2343e+05,55531,0
20099,3.2344e+05,55556,0
20100,3.2345e+05,55581,0
20101,3.2346e+05,55606,0
20102,3.2347e+05,55632,0
20103,3.2348e+05,55657,0
20104,3.2349e+05,55682,0
20105,3.2351e+05,55707,0
20106,3.2352e+05,55732,0
20107,3.2353e+05,55758,0
20108,3.2354e+05,55783,0
20109,3.2355e+05,55808,0
20110,3.2356e+05,55833,0
20111,3.2357e+05,55858,0
20112,3.2358e+05,55884,0
20113,3.236e+05,55909,0
20114,3.2361e+05,55934,0
20115,3.2362e+05,55959,0
20116,3.2363e+05,55984,0
20117,3.2364e+05,56009,0
20118,3.2365e+05,56034,0
20119,3.2366e+05,56060,0
20120,3.2368e+05,56085,0
20121,3.2369e+05,56110,0
20122,3.237e+05,56135,0
20123,3.2371e+05,56160,0
20124,3.2372e+05,56185,0
20125,3.2373e+05,56210,0
20126,3.2374e+05,56235,0
20127,3.2376e+05,56260,0
20128,3.2377e+05,56286,0
20129,3.2378e+05,56311,0
20130,3.2379e+05,56336,0
20131,3.238e+05,56361,0
20132,3.2381e+05,56386,0
20133,3.2382e+05,56411,0
20134,3.2384e+05,56436,0
20135,3.2385e+05,56461,0
20136,3.2386e+05,56486,0
20137,3.2387e+05,56511,0
20138,3.2388e+05,56536,0
20139,3.2389e+05,56561,0
20140,3.239e+05,56586,0
20141,3.2392e+05,56611,0
20142,3.2393e+05,56636,0
20143,3.2394e+05,56661,0
20144,3.2395e+05,56686,0
20145,3.2396e+05,56711,0
20146,3.2397e+05,56736,0
20147,3.2398e+05,56761,0
20148,3.24e+05,56786,0
20149,3.2401e+05,56811,0
20150,3.2402e+05,56836,0
20151,3.2403e+05,56861,0
20152,3.2404e+05,56886,0
20153,3.2405e+05,56911,0
20154,3.2407e+05,56935,0
20155,3.2408e+05,56960,0
20156,3.2409e+05,56985,0
20157,3.241e+05,57010,0
20158,3.2411e+05,57035,0
20159,3.2412e+05,57060,0
20160,3.2414e+05,57085,0
20161,3.2415e+05,57110,0
20162,3.2416e+05,57135,0
20163,3.2417e+05,57159,0
20164,3.2418e+05,57184,0
20165,3.2419e+05,57209,0
20166,3.242e+05,57234,0
20167,3.2422e+05,57259,0
20168,3.2423e+05,57284,0
20169,3.2424e+05,57309,0
20170,3.2425e+05,57333,0
20171,3.2426e+05,57358,0
20172,3.2427e+05,57383,0
20173,3.2429e+05,57408,0
20174,3.243e+05,57433,0
20175,3.2431e+05,57457,0
20176,3.2432e+05,57482,0
20177,3.2433e+05,57507,0
20178,3.2434e+05,57532,0
20179,3.2436e+05,57556,0
20180,3.2437e+05,57581,0
20181,3.2438e+05,57606,0
20182,3.2439e+05,57631,0
20183,3.244e+05,57655,0
20184,3.2441e+05,57680,0
20185,3.2443e+05,57705,0
20186,3.2444e+05,57730,0
20187,3.2445e+05,57754,0
20188,3.2446e+05,57779,0
20189,3.2447e+05,57804,0
20190,3.2448e+05,57828,0
20191,3.245e+05,57853,0
20192,3.2451e+05,57878,0
20193,3.2452e+05,57903,0
20194,3.2453e+05,57927,0
20195,3.2454e+05,57952,0
20196,3.2456e+05,57977,0
20197,3.2457e+05,58001,0
20198,3.2458e+05,58026,0
20199,3.2459e+05,58050,0
20200,3.246e+05,58075,0
20201,3.2461e+05,58100,0
20202,3.2463e+05,58124,0
20203,3.2464e+05,58149,0
20204,3.2465e+05,58174,0
20205,3.2466e+05,58198,0
20206,3.2467e+05,58223,0
20207,3.2468e+05,58247,0
20208,3.247e+05,58272,0
20209,3.2471e+05,58297,0
20210,3.2472e+05,58321,0
20211,3.2473e+05,58346,0
20212,3.2474e+05,58370,0
20213,3.2476e+05,58395,0
20214,3.2477e+05,58419,0
20215,3.2478e+05,58444,0
20216,3.2479e+05,58468,0
20217,3.248e+05,58493,0
20218,3.2482e+05,58518,0
20219,3.2483e+05,58542,0
20220,3.2484e+05,58567,0
20221,3.2485e+05,58591,0
20222,3.2486e+05,58616,0
20223,3.2487e+05,58640,0
20224,3.2489e+05,58665,0
20225,3.249e+05,58689,0
20226,3.2491e+05,58714,0
20227,3.2492e+05,58738,0
20228,3.2493e+05,58762,0
20229,3.2495e+05,58787,0
20230,3.2496e+05,58811,0
20231,3.2497e+05,58836,0
20232,3.2498e+05,58860,0
20233,3.2499e+05,58885,0
20234,3.2501e+05,58909,0
20235,3.2502e+05,58934,0
20236,3.2503e+05,58958,0
20237,3.2504e+05,58982,0
20238,3.2505e+05,59007,0
20239,3.2507e+05,59031,0
20240,3.2508e+05,59056,0
20241,3.2509e+05,59080,0
20242,3.251e+05,59104,0
20243,3.2511e+05,59129,0
20244,3.2513e+05,59153,0
20245,3.2514e+05,59177,0
20246,3.2515e+05,59202,0
20247,3.2516e+05,59226,0
20248,3.2517e+05,59250,0
20249,3.2519e+05,59275,0
20250,3.252e+05,59299,0
20251,3.2521e+05,59323,0
20252,3.2522e+05,59348,0
20253,3.2523e+05,59372,0
20254,3.2525e+05,59396,0
20255,3.2526e+05,59421,0
20256,3.2527e+05,59445,0
20257,3.2528e+05,59469,0
20258,3.2529e+05,59493,0
20259,3.2531e+05,59518,0
20260,3.2532e+05,59542,0
20261,3.2533e+05,59566,0
20262,3.2534e+05,59590,0
20263,3.2535e+05,59615,0
20264,3.2537e+05,59639,0
20265,3.2538e+05,59663,0
20266,3.2539e+05,59687,0
20267,3.254e+05,59712,0
20268,3.2541e+05,59736,0
20269,3.2543e+05,59760,0
20270,3.2544e+05,59784,0
20271,3.2545e+05,59808,0
20272,3.2546e+05,59833,0
20273,3.2547e+05,59857,0
20274,3.2549e+05,59881,0
20275,3.255e+05,59905,0
20276,3.2551e+05,59929,0
20277,3.2552e+05,59953,0
20278,3.2554e+05,59978,0
20279,3.2555e+05,60002,0
20280,3.2556e+05,60026,0
20281,3.2557e+05,60050,0
20282,3.2558e+05,60074,0
20283,3.256e+05,60098,0
20284,3.2561e+05,60122,0
20285,3.2562e+05,60146,0
20286,3.2563e+05,60171,0
20287,3.2565e+05,60195,0
20288,3.2566e+05,60219,0
20289,3.2567e+05,60243,0
20290,3.2568e+05,60267,0
20291,3.2569e+05,60291,0
20292,3.2571e+05,60315,0
20293,3.2572e+05,60339,0
20294,3.2573e+05,60363,0
20295,3.2574e+05,60387,0
20296,3.2576e+05,60411,0
20297,3.2577e+05,60435,0
20298,3.2578e+05,60459,0
20299,3.2579e+05,60483,0
20300,3.258e+05,60507,0
20301,3.2582e+05,60531,0
20302,3.2583e+05,60555,0
20303,3.2584e+05,60579,0
20304,3.2585e+05,60603,0
20305,3.2587e+05,60627,0
20306,3.2588e+05,60651,0
20307,3.2589e+05,60675,0
20308,3.259e+05,60699,0
20309,3.2591e+05,60723,0
20310,3.2593e+05,60747,0
20311,3.2594e+05,60771,0
20312,3.2595e+05,60795,0
20313,3.2596e+05,60819,0
20314,3.2598e+05,60843,0
20315,3.2599e+05,60867,0
20316,3.26e+05,60891,0
20317,3.2601e+05,60914,0
20318,3.2603e+05,60938,0
20319,3.2604e+05,60962,0
20320,3.2605e+05,60986,0
20321,3.2606e+05,61010,0
20322,3.2607e+05,61034,0
20323,3.2609e+05,61058,0
20324,3.261e+05,61082,0
20325,3.2611e+05,61105,0
20326,3.2612e+05,61129,0
20327,3.2614e+05,61153,0
20328,3.2615e+05,61177,0
20329,3.2616e+05,61201,0
20330,3.2617e+05,61225,0
20331,3.2619e+05,61248,0
20332,3.262e+05,61272,0
20333,3.2621e+05,61296,0
20334,3.2622e+05,61320,0
20335,3.2624e+05,61344,0
20336,3.2625e+05,61367,0
20337,3.2626e+05,61391,0
20338,3.2627e+05,61415,0
20339,3.2629e+05,61439,0
20340,3.263e+05,61462,0
20341,3.2631e+05,61486,0
20342,3.2632e+05,61510,0
20343,3.2634e+05,61534,0
20344,3.2635e+05,61557,0
20345,3.2636e+05,61581,0
20346,3.2637e+05,61605,0
20347,3.2639e+05,61629,0
20348,3.264e+05,61652,0
20349,3.2641e+05,61676,0
20350,3.2642e+05,61700,0
20351,3.2644e+05,61723,0
20352,3.2645e+05,61747,0
20353,3.2646e+05,61771,0
20354,3.2647e+05,61794,0
20355,3.2649e+05,61818,0
20356,3.265e+05,61842,0
20357,3.2651e+05,61865,0
20358,3.2652e+05,61889,0
20359,3.2654e+05,61913,0
20360,3.2655e+05,61936,0
20361,3.2656e+05,61960,0
20362,3.2657e+05,61983,0
20363,3.2659e+05,62007,0
20364,3.266e+05,62031,0
20365,3.2661e+05,62054,0
20366,3.2662e+05,62078,0
20367,3.2664e+05,62101,0
20368,3.2665e+05,62125,0
20369,3.2666e+05,62149,0
20370,3.2667e+05,62172,0
20371,3.2669e+05,62196,0
20372,3.267e+05,62219,0
20373,3.2671e+05,62243,0
20374,3.2672e+05,62266,0
20375,3.2674e+05,62290,0
20376,3.2675e+05,62313,0
20377,3.2676e+05,62337,0
20378,3.2677e+05,62360,0
20379,3.2679e+05,62384,0
20380,3.268e+05,62407,0
20381,3.2681e+05,62431,0
20382,3.2682e+05,62454,0
20383,3.2684e+05,62478,0
20384,3.2685e+05,62501,0
20385,3.2686e+05,62525,0
20386,3.2688e+05,62548,0
20387,3.2689e+05,62572,0
20388,3.269e+05,62595,0
20389,3.2691e+05,62618,0
20390,3.2693e+05,62642,0
20391,3.2694e+05,62665,0
20392,3.2695e+05,62689,0
20393,3.2696e+05,62712,0
20394,3.2698e+05,62736,0
20395,3.2699e+05,62759,0
20396,3.27e+05,62782,0
20397,3.2702e+05,62806,0
20398,3.2703e+05,62829,0
20399,3.2704e+05,62853,0
20400,3.2705e+05,62876,0
20401,3.2707e+05,62899,0
20402,3.2708e+05,62923,0
20403,3.2709e+05,62946,0
20404,3.271e+05,62969,0
20405,3.2712e+05,62993,0
20406,3.2713e+05,63016,0
20407,3.2714e+05,63039,0
20408,3.2716e+05,63063,0
20409,3.2717e+05,63086,0
20410,3.2718e+05,63109,0
20411,3.2719e+05,63132,0
20412,3.2721e+05,63156,0
20413,3.2722e+05,63179,0
20414,3.2723e+05,63202,0
20415,3.2724e+05,63226,0
20416,3.2726e+05,63249,0
20417,3.2727e+05,63272,0
20418,3.2728e+05,63295,0
20419,3.273e+05,63319,0
20420,3.2731e+05,63342,0
20421,3.2732e+05,63365,0
20422,3.2733e+05,63388,0
20423,3.2735e+05,63411,0
20424,3.2736e+05,63435,0
20425,3.2737e+05,63458,0
20426,3.2739e+05,63481,0
20427,3.274e+05,63504,0
20428,3.2741e+05,63527,0
20429,3.2742e+05,63551,0
20430,3.2744e+05,63574,0
20431,3.2745e+05,63597,0
20432,3.2746e+05,63620,0
20433,3.2748e+05,63643,0
20434,3.2749e+05,63666,0
20435,3.275e+05,63690,0
20436,3.2751e+05,63713,0
20437,3.2753e+05,63736,0
20438,3.2754e+05,63759,0
20439,3.2755e+05,63782,0
20440,3.2757e+05,63805,0
20441,3.2758e+05,63828,0
20442,3.2759e+05,63851,0
20443,3.276e+05,63874,0
20444,3.2762e+05,63897,0
20445,3.2763e+05,63921,0
20446,3.2764e+05,63944,0
20447,3.2766e+05,63967,0
20448,3.2767e+05,63990,0
20449,3.2768e+05,64013,0
20450,3.277e+05,64036,0
20451,3.2771e+05,64059,0
20452,3.2772e+05,64082,0
20453,3.2773e+05,64105,0
20454,3.2775e+05,64128,0
20455,3.2776e+05,64151,0
20456,3.2777e+05,64174,0
20457,3.2779e+05,64197,0
20458,3.278e+05,64220,0
20459,3.2781e+05,64243,0
20460,3.2782e+05,64266,0
20461,3.2784e+05,64289,0
20462,3.2785e+05,64312,0
20463,3.2786e+05,64335,0
20464,3.2788e+05,64358,0
20465,3.2789e+05,64381,0
20466,3.279e+05,64404,0
20467,3.2792e+05,64426,0
20468,3.2793e+05,64449,0
20469,3.2794e+05,64472,0
20470,3.2796e+05,64495,0
20471,3.2797e+05,64518,0
20472,3.2798e+05,64541,0
20473,3.2799e+05,64564,0
20474,3.2801e+05,64587,0
20475,3.2802e+05,64610,0
20476,3.2803e+05,64632,0
20477,3.2805e+05,64655,0
20478,3.2806e+05,64678,0
20479,3.2807e+05,64701,0
20480,3.2809e+05,64724,0
20481,3.281e+05,64747,0
20482,3.2811e+05,64770,0
20483,3.2813e+05,64792,0
20484,3.2814e+05,64815,0
20485,3.2815e+05,64838,0
20486,3.2816e+05,64861,0
20487,3.2818e+05,64884,0
20488,3.2819e+05,64906,0
20489,3.282e+05,64929,0
20490,3.2822e+05,64952,0
20491,3.2823e+05,64975,0
20492,3.2824e+05,64997,0
20493,3.2826e+05,65020,0
20494,3.2827e+05,65043,0
20495,3.2828e+05,65066,0
20496,3.283e+05,65088,0
20497,3.2831e+05,65111,0
20498,3.2832e+05,65134,0
20499,3.2834e+05,65157,0
20500,3.2835e+05,65179,0
20501,3.2836e+05,65202,0
20502,3.2837e+05,65225,0
20503,3.2839e+05,65247,0
20504,3.284e+05,65270,0
20505,3.2841e+05,65293,0
20506,3.2843e+05,65315,0
20507,3.2844e+05,65338,0
20508,3.2845e+05,65361,0
20509,3.2847e+05,65383,0
20510,3.2848e+05,65406,0
20511,3.2849e+05,65429,0
20512,3.2851e+05,65451,0
20513,3.2852e+05,65474,0
20514,3.2853e+05,65496,0
20515,3.2855e+05,65519,0
20516,3.2856e+05,65542,0
20517,3.2857e+05,65564,0
20518,3.2859e+05,65587,0
20519,3.286e+05,65609,0
20520,3.2861e+05,65632,0
20521,3.2863e+05,65655,0
20522,3.2864e+05,65677,0
20523,3.2865e+05,65700,0
20524,3.2867e+05,65722,0
20525,3.2868e+05,65745,0
20526,3.2869e+05,65767,0
20527,3.2871e+05,65790,0
20528,3.2872e+05,65812,0
20529,3.2873e+05,65835,0
20530,3.2875e+05,65857,0
20531,3.2876e+05,65880,0
20532,3.2877e+05,65902,0
20533,3.2879e+05,65925,0
20534,3.288e+05,65947,0
20535,3.2881e+05,65970,0
20536,3.2883e+05,65992,0
20537,3.2884e+05,66015,0
20538,3.2885e+05,66037,0
20539,3.2887e+05,66060,0
20540,3.2888e+05,66082,0
20541,3.2889e+05,66105,0
20542,3.2891e+05,66127,0
20543,3.2892e+05,66149,0
20544,3.2893e+05,66172,0
20545,3.2895e+05,66194,0
20546,3.2896e+05,66217,0
20547,3.2897e+05,66239,0
20548,3.2899e+05,66261,0
20549,3.29e+05,66284,0
20550,3.2901e+05,66306,0
20551,3.2903e+05,66328,0
20552,3.2904e+05,66351,0
20553,3.2905e+05,66373,0
20554,3.2907e+05,66396,0
20555,3.2908e+05,66418,0
20556,3.2909e+05,66440,0
20557,3.2911e+05,66463,0
20558,3.2912e+05,66485,0
20559,3.2913e+05,66507,0
20560,3.2915e+05,66529,0
20561,3.2916e+05,66552,0
20562,3.2917e+05,66574,0
20563,3.2919e+05,66596,0
20564,3.292e+05,66619,0
20565,3.2921e+05,66641,0
20566,3.2923e+05,66663,0
20567,3.2924e+05,66685,0
20568,3.2926e+05,66708,0
20569,3.2927e+05,66730,0
20570,3.2928e+05,66752,0
20571,3.293e+05,66774,0
20572,3.2931e+05,66797,0
20573,3.2932e+05,66819,0
20574,3.2934e+05,66841,0
20575,3.2935e+05,66863,0
20576,3.2936e+05,66885,0
20577,3.2938e+05,66908,0
20578,3.2939e+05,66930,0
20579,3.294e+05,66952,0
20580,3.2942e+05,66974,0
20581,3.2943e+05,66996,0
20582,3.2944e+05,67018,0
20583,3.2946e+05,67041,0
20584,3.2947e+05,67063,0
20585,3.2949e+05,67085,0
20586,3.295e+05,67107,0
20587,3.2951e+05,67129,0
20588,3.2953e+05,67151,0
20589,3.2954e+05,67173,0
20590,3.2955e+05,67195,0
20591,3.2957e+05,67218,0
20592,3.2958e+05,67240,0
20593,3.2959e+05,67262,0
20594,3.2961e+05,67284,0
20595,3.2962e+05,67306,0
20596,3.2963e+05,67328,0
20597,3.2965e+05,67350,0
20598,3.2966e+05,67372,0
20599,3.2968e+05,67394,0
20600,3.2969e+05,67416,0
20601,3.297e+05,67438,0
20602,3.2972e+05,67460,0
20603,3.2973e+05,67482,0
20604,3.2974e+05,67504,0
20605,3.2976e+05,67526,0
20606,3.2977e+05,67548,0
20607,3.2978e+05,67570,0
20608,3.298e+05,67592,0
20609,3.2981e+05,67614,0
20610,3.2983e+05,67636,0
20611,3.2984e+05,67658,0
20612,3.2985e+05,67680,0
20613,3.2987e+05,67702,0
20614,3.2988e+05,67724,0
20615,3.2989e+05,67746,0
20616,3.2991e+05,67768,0
20617,3.2992e+05,67790,0
20618,3.2993e+05,67812,0
20619,3.2995e+05,67833,0
20620,3.2996e+05,67855,0
20621,3.2998e+05,67877,0
20622,3.2999e+05,67899,0
20623,3.3e+05,67921,0
20624,3.3002e+05,67943,0
20625,3.3003e+05,67965,0
20626,3.3004e+05,67987,0
20627,3.3006e+05,68008,0
20628,3.3007e+05,68030,0
20629,3.3009e+05,68052,0
20630,3.301e+05,68074,0
20631,3.3011e+05,68096,0
20632,3.3013e+05,68118,0
20633,3.3014e+05,68139,0
20634,3.3015e+05,68161,0
20635,3.3017e+05,68183,0
20636,3.3018e+05,68205,0
20637,3.302e+05,68227,0
20638,3.3021e+05,68248,0
20639,3.3022e+05,68270,0
20640,3.3024e+05,68292,0
20641,3.3025e+05,68314,0
20642,3.3026e+05,68335,0
20643,3.3028e+05,68357,0
20644,3.3029e+05,68379,0
20645,3.3031e+05,68401,0
20646,3.3032e+05,68422,0
20647,3.3033e+05,68444,0
20648,3.3035e+05,68466,0
20649,3.3036e+05,68487,0
20650,3.3038e+05,68509,0
20651,3.3039e+05,68531,0
20652,3.304e+05,68553,0
20653,3.3042e+05,68574,0
20654,3.3043e+05,68596,0
20655,3.3044e+05,68617,0
20656,3.3046e+05,68639,0
20657,3.3047e+05,68661,0
20658,3.3049e+05,68682,0
20659,3.305e+05,68704,0
20660,3.3051e+05,68726,0
20661,3.3053e+05,68747,0
20662,3.3054e+05,68769,0
20663,3.3056e+05,68791,0
20664,3.3057e+05,68812,0
20665,3.3058e+05,68834,0
20666,3.306e+05,68855,0
20667,3.3061e+05,68877,0
20668,3.3063e+05,68898,0
20669,3.3064e+05,68920,0
20670,3.3065e+05,68942,0
20671,3.3067e+05,68963,0
20672,3.3068e+05,68985,0
20673,3.307e+05,69006,0
20674,3.3071e+05,69028,0
20675,3.3072e+05,69049,0
20676,3.3074e+05,69071,0
20677,3.3075e+05,69092,0
20678,3.3076e+05,69114,0
20679,3.3078e+05,69135,0
20680,3.3079e+05,69157,0
20681,3.3081e+05,69178,0
20682,3.3082e+05,69200,0
20683,3.3083e+05,69221,0
20684,3.3085e+05,69243,0
20685,3.3086e+05,69264,0
20686,3.3088e+05,69285,0
20687,3.3089e+05,69307,0
20688,3.309e+05,69328,0
20689,3.3092e+05,69350,0
20690,3.3093e+05,69371,0
20691,3.3095e+05,69393,0
20692,3.3096e+05,69414,0
20693,3.3097e+05,69435,0
20694,3.3099e+05,69457,0
20695,3.31e+05,69478,0
20696,3.3102e+05,69500,0
20697,3.3103e+05,69521,0
20698,3.3104e+05,69542,0
20699,3.3106e+05,69564,0
20700,3.3107e+05,69585,0
20701,3.3109e+05,69606,0
20702,3.311e+05,69628,0
20703,3.3112e+05,69649,0
20704,3.3113e+05,69670,0
20705,3.3114e+05,69692,0
20706,3.3116e+05,69713,0
20707,3.3117e+05,69734,0
20708,3.3119e+05,69756,0
20709,3.312e+05,69777,0
20710,3.3121e+05,69798,0
20711,3.3123e+05,69819,0
20712,3.3124e+05,69841,0
20713,3.3126e+05,69862,0
20714,3.3127e+05,69883,0
20715,3.3128e+05,69904,0
20716,3.313e+05,69926,0
20717,3.3131e+05,69947,0
20718,3.3133e+05,69968,0
20719,3.3134e+05,69989,0
20720,3.3135e+05,70011,0
20721,3.3137e+05,70032,0
20722,3.3138e+05,70053,0
20723,3.314e+05,70074,0
20724,3.3141e+05,70095,0
20725,3.3143e+05,70116,0
20726,3.3144e+05,70138,0
20727,3.3145e+05,70159,0
20728,3.3147e+05,70180,0
20729,3.3148e+05,70201,0
20730,3.315e+05,70222,0
20731,3.3151e+05,70243,0
20732,3.3152e+05,70264,0
20733,3.3154e+05,70286,0
20734,3.3155e+05,70307,0
20735,3.3157e+05,70328,0
20736,3.3158e+05,70349,0
20737,3.316e+05,70370,0
20738,3.3161e+05,70391,0
20739,3.3162e+05,70412,0
20740,3.3164e+05,70433,0
20741,3.3165e+05,70454,0
20742,3.3167e+05,70475,0
20743,3.3168e+05,70496,0
20744,3.317e+05,70517,0
20745,3.3171e+05,70538,0
20746,3.3172e+05,70560,0
20747,3.3174e+05,70581,0
20748,3.3175e+05,70602,0
20749,3.3177e+05,70623,0
20750,3.3178e+05,70644,0
20751,3.318e+05,70665,0
20752,3.3181e+05,70686,0
20753,3.3182e+05,70707,0
20754,3.3184e+05,70727,0
20755,3.3185e+05,70748,0
20756,3.3187e+05,70769,0
20757,3.3188e+05,70790,0
20758,3.319e+05,70811,0
20759,3.3191e+05,70832,0
20760,3.3192e+05,70853,0
20761,3.3194e+05,70874,0
20762,3.3195e+05,70895,0
20763,3.3197e+05,70916,0
20764,3.3198e+05,70937,0
20765,3.32e+05,70958,0
20766,3.3201e+05,70979,0
20767,3.3202e+05,71000,0
20768,3.3204e+05,71020,0
20769,3.3205e+05,71041,0
20770,3.3207e+05,71062,0
20771,3.3208e+05,71083,0
20772,3.321e+05,71104,0
20773,3.3211e+05,71125,0
20774,3.3212e+05,71145,0
20775,3.3214e+05,71166,0
20776,3.3215e+05,71187,0
20777,3.3217e+05,71208,0
20778,3.3218e+05,71229,0
20779,3.322e+05,71250,0
20780,3.3221e+05,71270,0
20781,3.3223e+05,71291,0
20782,3.3224e+05,71312,0
20783,3.3225e+05,71333,0
20784,3.3227e+05,71353,0
20785,3.3228e+05,71374,0
20786,3.323e+05,71395,0
20787,3.3231e+05,71416,0
20788,3.3233e+05,71436,0
20789,3.3234e+05,71457,0
20790,3.3236e+05,71478,0
20791,3.3237e+05,71499,0
20792,3.3238e+05,71519,0
20793,3.324e+05,71540,0
20794,3.3241e+05,71561,0
20795,3.3243e+05,71581,0
20796,3.3244e+05,71602,0
20797,3.3246e+05,71623,0
20798,3.3247e+05,71643,0
20799,3.3249e+05,71664,0
20800,3.325e+05,71685,0
20801,3.3251e+05,71705,0
20802,3.3253e+05,71726,0
20803,3.3254e+05,71747,0
20804,3.3256e+05,71767,0
20805,3.3257e+05,71788,0
20806,3.3259e+05,71808,0
20807,3.326e+05,71829,0
20808,3.3262e+05,71850,0
20809,3.3263e+05,71870,0
20810,3.3264e+05,71891,0
20811,3.3266e+05,71911,0
20812,3.3267e+05,71932,0
20813,3.3269e+05,71952,0
20814,3.327e+05,71973,0
20815,3.3272e+05,71994,0
20816,3.3273e+05,72014,0
20817,3.3275e+05,72035,0
20818,3.3276e+05,72055,0
20819,3.3278e+05,72076,0
20820,3.3279e+05,72096,0
20821,3.328e+05,72117,0
20822,3.3282e+05,72137,0
20823,3.3283e+05,72158,0
20824,3.3285e+05,72178,0
20825,3.3286e+05,72199,0
20826,3.3288e+05,72219,0
20827,3.3289e+05,72240,0
20828,3.3291e+05,72260,0
20829,3.3292e+05,72280,0
20830,3.3294e+05,72301,0
20831,3.3295e+05,72321,0
20832,3.3297e+05,72342,0
20833,3.3298e+05,72362,0
20834,3.3299e+05,72383,0
20835,3.3301e+05,72403,0
20836,3.3302e+05,72423,0
20837,3.3304e+05,72444,0
20838,3.3305e+05,72464,0
20839,3.3307e+05,72485,0
20840,3.3308e+05,72505,0
20841,3.331e+05,72525,0
20842,3.3311e+05,72546,0
20843,3.3313e+05,72566,0
20844,3.3314e+05,72586,0
20845,3.3316e+05,72607,0
20846,3.3317e+05,72627,0
20847,3.3318e+05,72647,0
20848,3.332e+05,72668,0
20849,3.3321e+05,72688,0
20850,3.3323e+05,72708,0
20851,3.3324e+05,72728,0
20852,3.3326e+05,72749,0
20853,3.3327e+05,72769,0
20854,3.3329e+05,72789,0
20855,3.333e+05,72810,0
20856,3.3332e+05,72830,0
20857,3.3333e+05,72850,0
20858,3.3335e+05,72870,0
20859,3.3336e+05,72891,0
20860,3.3338e+05,72911,0
20861,3.3339e+05,72931,0
20862,3.3341e+05,72951,0
20863,3.3342e+05,72971,0
20864,3.3343e+05,72992,0
20865,3.3345e+05,73012,0
20866,3.3346e+05,73032,0
20867,3.3348e+05,73052,0
20868,3.3349e+05,73072,0
20869,3.3351e+05,73093,0
20870,3.3352e+05,73113,0
20871,3.3354e+05,73133,0
20872,3.3355e+05,73153,0
20873,3.3357e+05,73173,0
20874,3.3358e+05,73193,0
20875,3.336e+05,73213,0
20876,3.3361e+05,73233,0
20877,3.3363e+05,73254,0
20878,3.3364e+05,73274,0
20879,3.3366e+05,73294,0
20880,3.3367e+05,73314,0
20881,3.3369e+05,73334,0
20882,3.337e+05,73354,0
20883,3.3372e+05,73374,0
20884,3.3373e+05,73394,0
20885,3.3375e+05,73414,0
20886,3.3376e+05,73434,0
20887,3.3377e+05,73454,0
20888,3.3379e+05,73474,0
20889,3.338e+05,73494,0
20890,3.3382e+05,73514,0
20891,3.3383e+05,73534,0
20892,3.3385e+05,73554,0
20893,3.3386e+05,73574,0
20894,3.3388e+05,73594,0
20895,3.3389e+05,73614,0
20896,3.3391e+05,73634,0
20897,3.3392e+05,73654,0
20898,3.3394e+05,73674,0
20899,3.3395e+05,73694,0
20900,3.3397e+05,73714,0
20901,3.3398e+05,73734,0
20902,3.34e+05,73754,0
20903,3.3401e+05,73774,0
20904,3.3403e+05,73794,0
20905,3.3404e+05,73814,0
20906,3.3406e+05,73833,0
20907,3.3407e+05,73853,0
20908,3.3409e+05,73873,0
20909,3.341e+05,73893,0
20910,3.3412e+05,73913,0
20911,3.3413e+05,73933,0
20912,3.3415e+05,73953,0
20913,3.3416e+05,73973,0
20914,3.3418e+05,73992,0
20915,3.3419e+05,74012,0
20916,3.3421e+05,74032,0
20917,3.3422e+05,74052,0
20918,3.3424e+05,74072,0
20919,3.3425e+05,74092,0
20920,3.3427e+05,74111,0
20921,3.3428e+05,74131,0
20922,3.343e+05,74151,0
20923,3.3431e+05,74171,0
20924,3.3433e+05,74190,0
20925,3.3434e+05,74210,0
20926,3.3436e+05,74230,0
20927,3.3437e+05,74250,0
20928,3.3439e+05,74269,0
20929,3.344e+05,74289,0
20930,3.3442e+05,74309,0
20931,3.3443e+05,74329,0
20932,3.3445e+05,74348,0
20933,3.3446e+05,74368,0
20934,3.3448e+05,74388,0
20935,3.3449e+05,74407,0
20936,3.3451e+05,74427,0
20937,3.3452e+05,74447,0
20938,3.3454e+05,74466,0
20939,3.3455e+05,74486,0
20940,3.3457e+05,74506,0
20941,3.3458e+05,74525,0
20942,3.346e+05,74545,0
20943,3.3461e+05,74565,0
20944,3.3463e+05,74584,0
20945,3.3464e+05,74604,0
20946,3.3466e+05,74624,0
20947,3.3467e+05,74643,0
20948,3.3469e+05,74663,0
20949,3.347e+05,74682,0
20950,3.3472e+05,74702,0
20951,3.3473e+05,74722,0
20952,3.3475e+05,74741,0
20953,3.3476e+05,74761,0
20954,3.3478e+05,74780,0
20955,3.3479e+05,74800,0
20956,3.3481e+05,74819,0
20957,3.3482e+05,74839,0
20958,3.3484e+05,74858,0
20959,3.3485e+05,74878,0
20960,3.3487e+05,74897,0
20961,3.3488e+05,74917,0
20962,3.349e+05,74936,0
20963,3.3491e+05,74956,0
20964,3.3493e+05,74975,0
20965,3.3494e+05,74995,0
20966,3.3496e+05,75014,0
20967,3.3497e+05,75034,0
20968,3.3499e+05,75053,0
20969,3.35e+05,75073,0
20970,3.3502e+05,75092,0
20971,3.3503e+05,75111,0
20972,3.3505e+05,75131,0
20973,3.3507e+05,75150,0
20974,3.3508e+05,75170,0
20975,3.351e+05,75189,0
20976,3.3511e+05,75209,0
20977,3.3513e+05,75228,0
20978,3.3514e+05,75247,0
20979,3.3516e+05,75267,0
20980,3.3517e+05,75286,0
20981,3.3519e+05,75305,0
20982,3.352e+05,75325,0
20983,3.3522e+05,75344,0
20984,3.3523e+05,75363,0
20985,3.3525e+05,75383,0
20986,3.3526e+05,75402,0
20987,3.3528e+05,75421,0
20988,3.3529e+05,75441,0
20989,3.3531e+05,75460,0
20990,3.3532e+05,75479,0
20991,3.3534e+05,75499,0
20992,3.3535e+05,75518,0
20993,3.3537e+05,75537,0
20994,3.3538e+05,75556,0
20995,3.354e+05,75576,0
20996,3.3542e+05,75595,0
20997,3.3543e+05,75614,0
20998,3.3545e+05,75633,0
20999,3.3546e+05,75653,0
21000,3.3548e+05,75672,0
21001,3.3549e+05,75691,0
21002,3.3551e+05,75710,0
21003,3.3552e+05,75729,0
21004,3.3554e+05,75749,0
21005,3.3555e+05,75768,0
21006,3.3557e+05,75787,0
21007,3.3558e+05,75806,0
21008,3.356e+05,75825,0
21009,3.3561e+05,75845,0
21010,3.3563e+05,75864,0
21011,3.3564e+05,75883,0
21012,3.3566e+05,75902,0
21013,3.3568e+05,75921,0
21014,3.3569e+05,75940,0
21015,3.3571e+05,75959,0
21016,3.3572e+05,75978,0
21017,3.3574e+05,75998,0
21018,3.3575e+05,76017,0
21019,3.3577e+05,76036,0
21020,3.3578e+05,76055,0
21021,3.358e+05,76074,0
21022,3.3581e+05,76093,0
21023,3.3583e+05,76112,0
21024,3.3584e+05,76131,0
21025,3.3586e+05,76150,0
21026,3.3588e+05,76169,0
21027,3.3589e+05,76188,0
21028,3.3591e+05,76207,0
21029,3.3592e+05,76226,0
21030,3.3594e+05,76245,0
21031,3.3595e+05,76264,0
21032,3.3597e+05,76283,0
21033,3.3598e+05,76302,0
21034,3.36e+05,76321,0
21035,3.3601e+05,76340,0
21036,3.3603e+05,76359,0
21037,3.3604e+05,76378,0
21038,3.3606e+05,76397,0
21039,3.3608e+05,76416,0
21040,3.3609e+05,76435,0
21041,3.3611e+05,76454,0
21042,3.3612e+05,76473,0
21043,3.3614e+05,76492,0
21044,3.3615e+05,76510,0
21045,3.3617e+05,76529,0
21046,3.3618e+05,76548,0
21047,3.362e+05,76567,0
21048,3.3621e+05,76586,0
21049,3.3623e+05,76605,0
21050,3.3625e+05,76624,0
21051,3.3626e+05,76643,0
21052,3.3628e+05,76661,0
21053,3.3629e+05,76680,0
21054,3.3631e+05,76699,0
21055,3.3632e+05,76718,0
21056,3.3634e+05,76737,0
21057,3.3635e+05,76755,0
21058,3.3637e+05,76774,0
21059,3.3638e+05,76793,0
21060,3.364e+05,76812,0
21061,3.3642e+05,76831,0
21062,3.3643e+05,76849,0
21063,3.3645e+05,76868,0
21064,3.3646e+05,76887,0
21065,3.3648e+05,76906,0
21066,3.3649e+05,76924,0
21067,3.3651e+05,76943,0
21068,3.3652e+05,76962,0
21069,3.3654e+05,76981,0
21070,3.3656e+05,76999,0
21071,3.3657e+05,77018,0
21072,3.3659e+05,77037,0
21073,3.366e+05,77055,0
21074,3.3662e+05,77074,0
21075,3.3663e+05,77093,0
21076,3.3665e+05,77111,0
21077,3.3666e+05,77130,0
21078,3.3668e+05,77149,0
21079,3.367e+05,77167,0
21080,3.3671e+05,77186,0
21081,3.3673e+05,77205,0
21082,3.3674e+05,77223,0
21083,3.3676e+05,77242,0
21084,3.3677e+05,77261,0
21085,3.3679e+05,77279,0
21086,3.3681e+05,77298,0
21087,3.3682e+05,77316,0
21088,3.3684e+05,77335,0
21089,3.3685e+05,77353,0
21090,3.3687e+05,77372,0
21091,3.3688e+05,77391,0
21092,3.369e+05,77409,0
21093,3.3691e+05,77428,0
21094,3.3693e+05,77446,0
21095,3.3695e+05,77465,0
21096,3.3696e+05,77483,0
21097,3.3698e+05,77502,0
21098,3.3699e+05,77520,0
21099,3.3701e+05,77539,0
21100,3.3702e+05,77557,0
21101,3.3704e+05,77576,0
21102,3.3706e+05,77594,0
21103,3.3707e+05,77613,0
21104,3.3709e+05,77631,0
21105,3.371e+05,77650,0
21106,3.3712e+05,77668,0
21107,3.3713e+05,77687,0
21108,3.3715e+05,77705,0
21109,3.3717e+05,77723,0
21110,3.3718e+05,77742,0
21111,3.372e+05,77760,0
21112,3.3721e+05,77779,0
21113,3.3723e+05,77797,0
21114,3.3724e+05,77815,0
21115,3.3726e+05,77834,0
21116,3.3728e+05,77852,0
21117,3.3729e+05,77871,0
21118,3.3731e+05,77889,0
21119,3.3732e+05,77907,0
21120,3.3734e+05,77926,0
21121,3.3735e+05,77944,0
21122,3.3737e+05,77962,0
21123,3.3739e+05,77981,0
21124,3.374e+05,77999,0
21125,3.3742e+05,78017,0
21126,3.3743e+05,78036,0
21127,3.3745e+05,78054,0
21128,3.3746e+05,78072,0
21129,3.3748e+05,78090,0
21130,3.375e+05,78109,0
21131,3.3751e+05,78127,0
21132,3.3753e+05,78145,0
21133,3.3754e+05,78163,0
21134,3.3756e+05,78182,0
21135,3.3757e+05,78200,0
21136,3.3759e+05,78218,0
21137,3.3761e+05,78236,0
21138,3.3762e+05,78255,0
21139,3.3764e+05,78273,0
21140,3.3765e+05,78291,0
21141,3.3767e+05,78309,0
21142,3.3769e+05,78327,0
21143,3.377e+05,78346,0
21144,3.3772e+05,78364,0
21145,3.3773e+05,78382,0
21146,3.3775e+05,78400,0
21147,3.3776e+05,78418,0
21148,3.3778e+05,78436,0
